20.8
22.4
19.0
18.9
20.0
21.8
22.6
17.7
15.8
20.0
18.9
19.8
19.3
27.2
20.6
21.8
21.8
20.6
23.0
19.6
24.8
24.1
19.9
35.2
24.1
18.2
17.9
23.3
24.0
21.3
21.8
20.2
28.3
24.8
22.1
24.9
25.5
22.4
27.9
20.5
22.8
22.6
15.8
26.0
24.2
27.1
25.3
21.8
19.5
22.0
21.8
28.9
24.4
27.5
22.1
24.8
23.4
23.3
22.1
31.0
22.9
34.3
23.5
33.5
26.1
24.8
25.3
18.4
32.4
21.9
21.7
28.1
33.8
19.1
30.9
21.9
24.0
30.1
29.5
27.0
21.8
22.6
28.7
19.7
23.6
32.2
17.9
35.5
24.4
31.2
26.4
21.4
23.1
25.3
24.9
24.2
31.7
33.8
23.5
38.6
26.0
28.5
34.5
31.1
25.1
28.0
29.5
26.2
22.1
34.9
24.3
26.5
29.0
31.0
32.0
31.9
31.8
23.5
20.9
30.3
26.2
20.6
33.4
27.1
31.1
37.1
27.7
30.9
22.2
30.6
38.5
24.2
30.3
31.3
26.6
33.0
32.8
40.8
22.3
23.1
31.9
24.7
29.9
38.0
21.5
38.9
28.7
27.6
31.6
26.0
25.1
28.1
31.3
22.5
35.1
37.4
38.9
28.7
26.0
23.6
38.5
32.1
27.9
26.8
33.2
37.2
35.7
30.0
34.5
28.8
35.5
37.9
32.0
26.6
26.9
27.3
27.4
26.3
29.6
34.3
38.8
33.5
34.5
41.0
30.2
37.8
44.2
41.2
27.7
32.8
49.5
27.3
39.1
29.8
30.2
39.3
38.9
32.2
41.5
34.3
30.2
33.8
32.1
42.0
29.9
33.4
30.8
39.6
27.5
28.2
41.1
37.7
38.9
34.6
38.1
40.9
45.4
40.8
43.7
46.2
32.1
36.0
36.4
30.8
42.5
29.1
32.8
35.4
34.5
34.8
28.2
35.2
27.1
32.6
36.2
45.4
34.6
35.6
43.8
33.2
32.4
38.6
31.6
39.9
36.9
39.0
33.0
30.8
26.9
32.1
44.8
34.1
32.1
35.7
41.8
32.8
35.1
33.6
40.4
43.1
44.3
38.1
37.1
30.5
39.4
39.5
29.8
45.7
32.5
32.7
41.4
41.2
40.6
31.2
29.9
33.6
45.3
33.0
41.8
36.2
38.3
36.6
30.8
36.1
34.7
37.3
31.6
36.7
55.6
30.9
33.4
38.0
32.0
41.8
36.1
48.5
39.5
37.4
31.8
40.6
48.4
52.5
48.0
37.7
44.5
34.2
44.0
36.8
37.9
40.5
36.9
33.5
36.9
38.7
34.3
34.7
32.5
44.8
50.9
38.1
40.0
45.6
45.9
41.4
52.3
44.5
38.0
48.9
38.2
40.5
39.3
38.0
42.4
41.9
45.5
37.6
51.7
49.1
36.3
34.8
39.7
46.7
53.3
48.3
41.6
45.3
39.6
46.8
38.3
33.2
35.5
34.6
45.1
40.7
45.3
47.4
38.8
41.3
39.1
37.8
35.0
52.3
48.8
41.3
50.8
49.3
39.5
55.8
41.8
42.2
36.3
49.1
44.8
47.4
35.7
41.8
40.7
52.2
36.4
48.9
38.4
45.6
48.6
40.0
44.1
40.8
36.8
37.7
42.4
40.7
42.2
37.0
37.1
46.3
55.2
50.6
44.9
44.1
37.2
51.3
37.7
49.0
43.0
41.6
41.9
33.2
45.9
34.2
59.8
34.7
36.3
43.6
47.7
58.5
32.9
39.3
53.1
29.2
51.7
46.8
45.9
50.0
48.0
51.8
31.4
51.7
54.7
45.2
41.7
48.3
34.2
32.8
43.2
54.9
57.4
33.1
35.8
48.7
45.9
32.8
55.3
43.7
49.2
49.9
53.2
49.8
44.4
41.6
53.9
41.2
41.0
45.6
40.6
49.1
43.4
59.5
36.5
51.1
51.7
41.4
67.3
48.1
42.5
38.0
43.8
42.0
50.0
31.7
47.9
42.2
69.4
51.5
38.7
30.0
53.6
52.5
44.5
51.3
44.2
52.1
49.1
52.6
48.0
48.6
38.5
49.1
65.1
55.9
47.9
45.1
49.3
55.8
50.0
50.5
61.6
50.1
55.7
47.1
46.6
57.5
Time: 12.067594838142394