23.1
20.2
29.2
26.3
17.3
15.4
26.1
22.5
19.3
18.1
24.0
20.3
20.8
17.3
26.9
30.0
34.1
28.5
31.1
19.0
29.4
31.6
34.6
23.2
27.9
27.5
26.8
41.1
22.3
21.5
25.0
27.5
33.8
29.6
26.4
33.9
32.6
27.7
28.8
36.2
28.0
28.2
40.9
32.9
49.9
51.4
37.3
45.2
35.8
41.9
65.1
33.4
43.2
35.9
43.7
37.5
45.3
43.5
52.6
30.7
41.5
59.4
37.8
43.3
34.5
41.9
37.7
38.6
34.4
37.0
45.6
53.4
59.8
58.2
51.2
42.4
43.4
55.0
47.6
70.6
87.0
58.8
68.1
55.6
59.3
62.3
50.2
70.8
70.6
71.4
85.5
60.9
71.9
81.9
83.6
90.6
73.4
56.2
78.8
54.9
109.5
72.2
84.5
73.3
73.4
91.8
115.0
84.2
92.1
114.1
168.8
97.6
129.3
129.0
126.3
117.1
116.7
126.4
135.4
122.0
119.7
115.4
117.1
161.9
191.8
178.9
150.0
146.2
144.9
135.1
188.2
159.8
182.4
151.4
201.5
207.8
175.2
164.9
152.0
177.7
194.4
205.6
220.2
226.0
219.5
198.3
173.2
175.9
212.2
252.4
314.4
231.5
243.2
274.8
293.5
272.8
225.0
230.2
268.5
224.4
277.5
206.0
275.1
247.8
297.7
252.4
221.9
254.0
257.4
273.4
257.1
291.9
247.9
210.3
263.9
314.6
319.6
236.3
301.1
267.5
282.7
296.9
275.6
236.5
280.3
260.3
281.5
261.4
328.0
265.8
252.4
288.0
262.9
320.6
274.0
304.8
322.8
266.1
311.4
354.1
332.9
304.0
330.3
320.9
340.9
340.2
361.8
345.5
356.5
294.8
259.6
304.5
337.5
298.7
321.0
336.3
355.2
397.5
351.9
390.5
420.9
383.4
360.7
371.9
423.1
362.7
376.8
374.9
372.8
389.5
400.351
376.451
421.25100000000003
409.55100000000004
382.951
387.651
343.151
344.05100000000004
333.05100000000004
357.451
336.55100000000004
361.55100000000004
329.851
270.351
364.151
338.151
309.351
332.05100000000004
307.851
345.75100000000003
331.55100000000004
325.351
326.351
299.05100000000004
320.351
301.851
327.05100000000004
329.351
300.651
303.75100000000003
272.151
300.55100000000004
361.451
331.651
379.151
340.951
373.05100000000004
365.451
302.651
323.451
331.55100000000004
345.55100000000004
343.55100000000004
344.151
365.951
361.782
331.98199999999997
332.38199999999995
332.282
316.88199999999995
307.98199999999997
345.98199999999997
321.48199999999997
354.98199999999997
380.98199999999997
368.48199999999997
352.38199999999995
345.88199999999995
349.38199999999995
333.48199999999997
355.48199999999997
336.38199999999995
330.88199999999995
341.48199999999997
388.082
390.282
380.082
399.082
338.082
356.98199999999997
356.98199999999997
408.282
373.38199999999995
372.18199999999996
412.18199999999996
394.88199999999995
400.082
411.082
354.88199999999995
356.282
349.18199999999996
354.18199999999996
358.38199999999995
322.98199999999997
387.582
339.582
376.88199999999995
368.88199999999995
375.98199999999997
337.782
372.582
374.88199999999995
388.98199999999997
386.38199999999995
337.88199999999995
425.98199999999997
388.082
378.98199999999997
391.18199999999996
426.88199999999995
409.88199999999995
393.582
390.68199999999996
381.88199999999995
393.48199999999997
401.38199999999995
392.68199999999996
391.48199999999997
395.082
391.782
396.18199999999996
401.88199999999995
399.282
394.782
396.282
396.68199999999996
389.38199999999995
393.782
399.582
398.082
395.082
396.38199999999995
389.88199999999995
392.582
393.91700000000003
362.317
365.517
360.317
352.317
312.717
338.117
365.117
329.617
356.217
364.817
350.317
348.317
329.41700000000003
341.217
349.617
346.517
393.817
396.517
391.517
426.617
398.217
424.517
369.217
416.217
409.117
413.317
407.717
374.317
407.517
388.717
389.017
388.617
397.117
353.517
385.41700000000003
396.117
361.517
402.91700000000003
409.617
402.617
407.817
399.117
402.017
373.117
388.617
385.317
394.717
397.41700000000003
408.617
392.317
384.41700000000003
397.017
393.317
397.317
360.41700000000003
395.41700000000003
341.717
395.517
383.717
388.617
394.717
393.717
390.517
392.817
390.817
344.317
367.317
358.717
383.317
372.017
388.017
363.117
367.317
360.817
353.017
366.617
355.91700000000003
351.717
352.817
356.717
351.617
373.717
369.817
337.617
382.41700000000003
373.91700000000003
371.317
335.91700000000003
368.717
379.317
375.117
378.117
367.517
379.217
376.317
372.117
368.217
374.017
379.217
383.517
388.41700000000003
353.41700000000003
396.817
380.617
391.91700000000003
386.41700000000003
383.217
370.517
372.617
367.317
377.91700000000003
359.98099999999994
383.881
388.881
386.58099999999996
375.78099999999995
400.1809999999999
370.6809999999999
397.78099999999995
355.78099999999995
393.58099999999996
365.381
355.28099999999995
375.28099999999995
365.381
375.08099999999996
380.881
374.1809999999999
369.28099999999995
375.6809999999999
389.381
390.28099999999995
386.48099999999994
388.98099999999994
389.98099999999994
390.28099999999995
393.58099999999996
397.881
397.881
395.98099999999994
402.08099999999996
371.881
402.48099999999994
397.381
404.1809999999999
421.48099999999994
414.58099999999996
384.381
425.28099999999995
449.78099999999995
476.68100000000004
427.381
445.381
441.1809999999999
480.68100000000004
490.68100000000004
457.28100000000006
490.68100000000004
488.88100000000003
490.68100000000004
490.68100000000004
490.68100000000004
490.68100000000004
490.68100000000004
490.68100000000004
490.68100000000004
488.33500000000004
488.33500000000004
446.93499999999995
488.33500000000004
459.63500000000005
488.33500000000004
488.33500000000004
488.33500000000004
488.33500000000004
447.13499999999993
472.13500000000005
488.33500000000004
488.33500000000004
488.33500000000004
488.33500000000004
488.33500000000004
488.33500000000004
488.33500000000004
488.33500000000004
447.3349999999999
488.33500000000004
488.33500000000004
488.33500000000004
488.33500000000004
488.33500000000004
488.33500000000004
485.951
485.951
485.951
474.851
485.951
485.951
485.951
485.951
485.951
485.951
485.951
485.951
485.951
481.451
472.151
485.951
468.151
456.35099999999994
462.351
461.75100000000003
461.25100000000003
460.851
463.151
457.55100000000004
452.55099999999993
479.55100000000004
483.68
483.68
483.68
483.68
483.68
483.68
483.68
483.68
483.68
483.68
483.68
483.68
483.68
483.68
483.68
483.68
483.68
483.68
483.68
483.68
483.68
483.68
483.68
483.68
483.68
483.68
481.233
481.233
481.233
478.974
478.974
478.974
478.974
478.974
478.974
478.974
476.52699999999993
476.52699999999993
476.52699999999993
476.52699999999993
476.52699999999993
476.52699999999993
476.52699999999993
476.52699999999993
476.52699999999993
476.52699999999993
476.52699999999993
476.52699999999993
476.52699999999993
476.52699999999993
476.52699999999993
476.52699999999993
476.52699999999993
476.52699999999993
476.52699999999993
476.52699999999993
476.52699999999993
476.52699999999993
476.52699999999993
476.52699999999993
476.52699999999993
476.52699999999993
476.52699999999993
476.52699999999993
476.52699999999993
476.52699999999993
476.52699999999993
476.52699999999993
476.52699999999993
476.52699999999993
476.52699999999993
476.52699999999993
476.52699999999993
476.52699999999993
476.52699999999993
476.52699999999993
476.52699999999993
476.52699999999993
476.52699999999993
476.52699999999993
476.52699999999993
476.52699999999993
476.52699999999993
476.52699999999993
476.52699999999993
476.52699999999993
476.52699999999993
476.52699999999993
476.52699999999993
476.52699999999993
476.52699999999993
476.52699999999993
476.52699999999993
476.52699999999993
476.52699999999993
476.52699999999993
476.52699999999993
476.52699999999993
476.52699999999993
476.52699999999993
476.52699999999993
476.52699999999993
476.52699999999993
476.52699999999993
476.52699999999993
476.52699999999993
476.52699999999993
476.52699999999993
476.52699999999993
476.52699999999993
476.52699999999993
476.52699999999993
476.52699999999993
476.52699999999993
476.52699999999993
476.52699999999993
476.52699999999993
476.52699999999993
476.52699999999993
476.52699999999993
476.52699999999993
476.52699999999993
476.52699999999993
476.52699999999993
476.52699999999993
476.52699999999993
476.52699999999993
476.52699999999993
476.52699999999993
476.52699999999993
476.52699999999993
476.52699999999993
476.52699999999993
476.52699999999993
476.52699999999993
476.52699999999993
476.52699999999993
476.52699999999993
476.52699999999993
476.52699999999993
476.52699999999993
476.52699999999993
476.52699999999993
476.52699999999993
476.52699999999993
476.52699999999993
476.52699999999993
476.52699999999993
476.52699999999993
476.52699999999993
476.52699999999993
476.52699999999993
476.52699999999993
476.52699999999993
476.52699999999993
476.52699999999993
476.52699999999993
476.52699999999993
476.52699999999993
476.52699999999993
476.52699999999993
476.52699999999993
476.52699999999993
476.52699999999993
476.52699999999993
476.52699999999993
476.52699999999993
476.52699999999993
476.52699999999993
476.52699999999993
476.52699999999993
476.52699999999993
476.52699999999993
476.52699999999993
476.52699999999993
476.52699999999993
476.52699999999993
476.52699999999993
476.52699999999993
476.52699999999993
476.52699999999993
476.52699999999993
476.52699999999993
476.52699999999993
476.52699999999993
476.52699999999993
476.52699999999993
476.52699999999993
476.52699999999993
476.52699999999993
476.52699999999993
476.52699999999993
476.52699999999993
476.52699999999993
476.52699999999993
476.52699999999993
476.52699999999993
476.52699999999993
476.52699999999993
476.52699999999993
476.52699999999993
476.52699999999993
476.52699999999993
476.52699999999993
476.52699999999993
476.52699999999993
476.52699999999993
476.52699999999993
476.52699999999993
476.52699999999993
476.52699999999993
476.52699999999993
476.52699999999993
476.52699999999993
476.52699999999993
476.52699999999993
476.52699999999993
476.52699999999993
476.52699999999993
476.52699999999993
476.52699999999993
476.52699999999993
476.52699999999993
476.52699999999993
476.52699999999993
476.52699999999993
476.52699999999993
476.52699999999993
476.52699999999993
476.52699999999993
476.52699999999993
476.52699999999993
476.52699999999993
476.52699999999993
476.52699999999993
476.52699999999993
476.52699999999993
476.52699999999993
476.52699999999993
476.52699999999993
476.52699999999993
476.52699999999993
476.52699999999993
476.52699999999993
476.52699999999993
476.52699999999993
476.52699999999993
476.52699999999993
476.52699999999993
476.52699999999993
476.52699999999993
476.52699999999993
476.52699999999993
476.52699999999993
476.52699999999993
476.52699999999993
476.52699999999993
476.52699999999993
476.52699999999993
476.52699999999993
476.52699999999993
476.52699999999993
476.52699999999993
476.52699999999993
476.52699999999993
476.52699999999993
476.52699999999993
476.52699999999993
476.52699999999993
476.52699999999993
476.52699999999993
476.52699999999993
476.52699999999993
476.52699999999993
476.52699999999993
476.52699999999993
476.52699999999993
476.52699999999993
476.52699999999993
476.52699999999993
476.52699999999993
476.52699999999993
476.52699999999993
476.52699999999993
476.52699999999993
476.52699999999993
476.52699999999993
476.52699999999993
476.52699999999993
476.52699999999993
476.52699999999993
476.52699999999993
476.52699999999993
476.52699999999993
476.52699999999993
476.52699999999993
476.52699999999993
476.52699999999993
476.52699999999993
476.52699999999993
476.52699999999993
476.52699999999993
476.52699999999993
476.52699999999993
476.52699999999993
476.52699999999993
476.52699999999993
476.52699999999993
476.52699999999993
476.52699999999993
476.52699999999993
476.52699999999993
476.52699999999993
476.52699999999993
476.52699999999993
476.52699999999993
476.52699999999993
476.52699999999993
476.52699999999993
476.52699999999993
476.52699999999993
476.52699999999993
476.52699999999993
476.52699999999993
476.52699999999993
476.52699999999993
476.52699999999993
476.52699999999993
476.52699999999993
476.52699999999993
476.52699999999993
476.52699999999993
476.52699999999993
476.52699999999993
476.52699999999993
476.52699999999993
476.52699999999993
476.52699999999993
476.52699999999993
476.52699999999993
476.52699999999993
476.52699999999993
476.52699999999993
476.52699999999993
476.52699999999993
476.52699999999993
476.52699999999993
476.52699999999993
476.52699999999993
476.52699999999993
476.52699999999993
476.52699999999993
476.52699999999993
476.52699999999993
476.52699999999993
476.52699999999993
476.52699999999993
476.52699999999993
476.52699999999993
476.52699999999993
476.52699999999993
476.52699999999993
476.52699999999993
476.52699999999993
476.52699999999993
476.52699999999993
476.52699999999993
476.52699999999993
476.52699999999993
476.52699999999993
476.52699999999993
476.52699999999993
476.52699999999993
476.52699999999993
476.52699999999993
476.52699999999993
476.52699999999993
476.52699999999993
476.52699999999993
476.52699999999993
476.52699999999993
476.52699999999993
476.52699999999993
476.52699999999993
476.52699999999993
476.52699999999993
476.52699999999993
476.52699999999993
476.52699999999993
476.52699999999993
476.52699999999993
476.52699999999993
476.52699999999993
476.52699999999993
476.52699999999993
476.52699999999993
476.52699999999993
476.52699999999993
476.52699999999993
476.52699999999993
476.52699999999993
476.52699999999993
476.52699999999993
476.52699999999993
476.52699999999993
476.52699999999993
476.52699999999993
476.52699999999993
476.52699999999993
476.52699999999993
476.52699999999993
476.52699999999993
476.52699999999993
476.52699999999993
476.52699999999993
476.52699999999993
476.52699999999993
476.52699999999993
476.52699999999993
476.52699999999993
476.52699999999993
476.52699999999993
476.52699999999993
476.52699999999993
476.52699999999993
476.52699999999993
476.52699999999993
Time: 93.91294720172883