18.5
19.6
22.1
21.8
20.0
20.3
20.4
23.1
19.3
21.3
24.0
23.6
19.5
36.1
20.1
30.0
30.7
28.1
23.8
21.6
21.1
24.0
38.5
31.9
26.3
37.2
28.3
34.6
20.0
32.3
27.9
22.9
34.6
39.3
32.9
34.4
39.8
32.8
27.4
37.1
35.8
27.9
24.3
31.0
27.5
38.8
59.5
47.6
38.0
37.4
59.9
50.0
36.0
31.1
77.3
24.8
39.7
42.9
44.3
47.5
35.9
65.4
42.9
36.1
42.2
50.2
42.4
29.4
45.7
32.8
46.0
46.3
41.9
48.6
53.2
48.0
46.3
50.7
53.0
71.0
60.5
41.9
59.0
50.3
37.8
43.8
54.1
50.1
52.2
49.2
53.7
53.0
88.6
53.1
55.1
67.5
60.1
44.0
80.2
61.2
64.8
52.3
62.5
61.0
95.1
55.5
71.3
66.3
86.1
75.5
81.2
94.7
88.1
107.4
105.8
72.6
70.9
108.8
106.0
102.3
104.0
89.9
116.4
119.9
140.1
125.1
159.1
139.6
126.0
152.4
197.1
128.3
151.9
118.0
112.9
124.8
144.7
178.1
166.5
177.8
178.2
141.6
148.4
163.8
188.5
182.7
207.0
209.9
163.6
180.0
150.6
170.0
241.4
167.8
239.4
286.5
214.6
202.6
251.3
229.8
241.1
243.9
224.1
268.8
280.5
278.7
271.1
270.4
304.5
293.5
314.4
305.6
326.1
335.4
336.6
305.7
301.0
212.7
292.7
249.7
253.9
283.3
342.1
263.5
296.1
268.3
334.7
311.8
326.3
319.8
330.1
410.6
383.7
358.7
387.9
379.5
377.7
367.6
391.0
331.7
347.7
383.3
390.1
386.4
375.0
390.8
356.4
389.9
374.9
417.8
418.0
374.7
416.1
415.2
423.0
376.3
438.3
471.4
459.3
438.9
432.4
462.2
477.5
482.7
464.0
441.1
469.8
449.5
399.7
466.9
453.4
465.5
448.6
454.3
429.0
415.6
412.5
423.6
390.6
368.2
412.6
417.2
402.7
375.3
390.5
383.3
375.5
385.0
361.6
384.4
355.6
331.8
366.4
380.1
373.5
310.1
330.5
328.1
363.2
351.7
357.0
379.4
369.8
361.0
354.7
314.3
311.4
346.6
350.3
350.6
337.0
324.5
337.9
330.6
399.7
383.4
308.7
378.0
357.8
336.7
365.1
345.2
368.4
322.6
362.4
324.9
342.7
315.2
293.9
318.6
318.8
284.8
319.9
312.9
325.5
286.8
331.2
323.8
330.6
343.5
335.2
333.6
298.26
330.26
302.46
331.96
316.58
351.47999999999996
319.88
313.88
345.88
342.38
333.17999999999995
314.88
349.67999999999995
361.18
367.97999999999996
384.58
339.67999999999995
341.88
401.47999999999996
390.38
368.58
329.18
385.08
383.47999999999996
390.47999999999996
383.08
381.58
381.58
387.58
385.88
391.17999999999995
376.78
383.97999999999996
385.17999999999995
388.17999999999995
385.67999999999995
377.67999999999995
379.78
384.08
336.67999999999995
385.08
375.78
388.78
377.58
348.67999999999995
388.58
377.17999999999995
384.67999999999995
383.38
357.38
384.17999999999995
387.28
388.67999999999995
387.88
387.78
383.17999999999995
386.28
379.08
384.67999999999995
391.08
359.58
388.17999999999995
369.78
384.58
388.47999999999996
359.38
396.88
394.58
388.563
364.863
393.363
408.26300000000003
402.76300000000003
404.463
421.863
427.663
375.863
421.76300000000003
404.663
401.463
426.76300000000003
376.963
405.76300000000003
358.76300000000003
376.663
422.563
396.26300000000003
410.76300000000003
398.26300000000003
415.063
380.963
425.863
403.863
420.963
412.663
404.663
408.463
355.863
406.563
384.663
403.563
399.363
376.463
395.063
374.76300000000003
388.363
392.163
390.26300000000003
390.363
394.463
387.363
381.363
379.76300000000003
345.363
377.063
402.563
393.363
395.163
391.563
395.863
401.76300000000003
424.363
407.863
405.963
421.363
422.463
422.663
421.963
425.163
426.063
426.363
374.26300000000003
423.26300000000003
426.363
428.963
434.063
417.363
431.863
433.26300000000003
437.063
388.863
441.063
448.26300000000003
440.76300000000003
452.76300000000003
456.163
411.663
457.363
407.76300000000003
454.76300000000003
455.863
427.163
424.063
441.863
454.663
456.163
460.463
457.063
445.663
448.463
455.563
463.963
415.663
455.463
461.163
459.163
458.463
453.26300000000003
456.363
456.26800000000003
453.86800000000005
411.968
449.56800000000004
463.26800000000003
446.26800000000003
444.56800000000004
443.26800000000003
454.06800000000004
447.26800000000003
454.968
461.06800000000004
455.76800000000003
456.86800000000005
464.968
451.867
448.067
453.16700000000003
445.267
443.367
451.067
456.16700000000003
453.467
445.267
453.467
458.66700000000003
447.567
442.967
440.367
434.6700000000001
440.6700000000001
436.57000000000005
442.1700000000001
437.2700000000001
440.4700000000001
435.4700000000001
432.07000000000005
439.2700000000001
432.7700000000001
436.37000000000006
441.9700000000001
446.87000000000006
446.9700000000001
448.7700000000001
448.9200000000001
449.4200000000001
447.0200000000001
448.7200000000001
448.82000000000005
450.12000000000006
448.4200000000001
448.5200000000001
444.7200000000001
400.02000000000004
446.62000000000006
448.32000000000005
447.2200000000001
447.32000000000005
445.9200000000001
442.62000000000006
449.7200000000001
453.82000000000005
447.32000000000005
445.62000000000006
449.9200000000001
448.0200000000001
445.82000000000005
446.62000000000006
447.62000000000006
451.4200000000001
447.7200000000001
449.2200000000001
450.0200000000001
445.82000000000005
449.0200000000001
449.32000000000005
446.9200000000001
454.0200000000001
447.9200000000001
448.32000000000005
447.2200000000001
446.62000000000006
446.2200000000001
445.82000000000005
446.5200000000001
447.82000000000005
449.82000000000005
446.0200000000001
446.0200000000001
450.4200000000001
451.12000000000006
449.4200000000001
447.9200000000001
448.0200000000001
449.9200000000001
450.2200000000001
452.4200000000001
451.7200000000001
448.7200000000001
449.9200000000001
451.62000000000006
449.5200000000001
447.4200000000001
449.9200000000001
447.5200000000001
448.32000000000005
450.4200000000001
449.4200000000001
446.32000000000005
450.62000000000006
447.5200000000001
448.0200000000001
450.7200000000001
446.2200000000001
451.7200000000001
446.82000000000005
445.82000000000005
446.5200000000001
449.12000000000006
445.9200000000001
445.2200000000001
445.7200000000001
448.82000000000005
449.2200000000001
450.0200000000001
447.0200000000001
443.82000000000005
449.0200000000001
447.62000000000006
448.62000000000006
444.03999999999996
448.64
461.43999999999994
455.93999999999994
450.53999999999996
448.64
450.93999999999994
455.73999999999995
449.84
450.84
474.23999999999995
476.73999999999995
457.53999999999996
453.64
448.53999999999996
454.73999999999995
450.14
449.23999999999995
457.14
446.53999999999996
448.14
451.73999999999995
450.43999999999994
444.14
445.93999999999994
445.64
448.84
454.34
446.73999999999995
448.93999999999994
447.53999999999996
452.53999999999996
446.23999999999995
447.34
448.34
451.84
450.23999999999995
452.84
454.64
446.23999999999995
452.03999999999996
450.73999999999995
448.34
451.73999999999995
453.64
458.73999999999995
456.23999999999995
464.53999999999996
454.73999999999995
456.14
456.34
478.23999999999995
463.23999999999995
478.53999999999996
478.53999999999996
478.53999999999996
463.23999999999995
478.53999999999996
460.73999999999995
465.93999999999994
459.53999999999996
462.53999999999996
463.14
462.14
461.43999999999994
452.53999999999996
457.43999999999994
450.14
452.84
450.53999999999996
449.84
448.84
450.43999999999994
448.14
449.14
448.34
446.84
446.73999999999995
446.84
445.34
449.14
449.14
448.43999999999994
446.34
442.14
446.03999999999996
447.03999999999996
443.84
444.43999999999994
445.23999999999995
445.03999999999996
443.64
448.64
445.84
445.34
441.93999999999994
444.43999999999994
445.84
444.03999999999996
444.23999999999995
441.53999999999996
444.23999999999995
444.14
441.03999999999996
441.53999999999996
440.93999999999994
442.64
442.84
441.64
440.93999999999994
441.23999999999995
441.34
441.84
440.03999999999996
440.14
441.64
439.73999999999995
441.03999999999996
442.14
441.64
439.84
441.03999999999996
440.84
441.53999999999996
440.53999999999996
440.53999999999996
437.34
438.84
438.43999999999994
438.53999999999996
436.64
438.14
439.34
438.93999999999994
438.93999999999994
437.23999999999995
436.23999999999995
439.43999999999994
438.84
437.43999999999994
438.03999999999996
433.43999999999994
439.84
437.64
438.64
440.34
440.93999999999994
440.84
443.93999999999994
441.34
440.23999999999995
442.43999999999994
441.84
443.84
443.34
446.53999999999996
446.93999999999994
447.14
443.84
442.93999999999994
445.34
444.03999999999996
444.64
446.14
446.03999999999996
445.73999999999995
444.73999999999995
444.53999999999996
449.23999999999995
446.84
447.84
448.03999999999996
450.34
445.34
443.93999999999994
445.43999999999994
446.34
450.23999999999995
444.34
445.73999999999995
448.14
448.53999999999996
448.43999999999994
450.93999999999994
451.73999999999995
449.73999999999995
452.84
453.23999999999995
458.93999999999994
450.64
455.43999999999994
457.64
455.93999999999994
459.03999999999996
458.73999999999995
463.73999999999995
457.23999999999995
462.64
471.53999999999996
457.64
455.43999999999994
461.43999999999994
460.23999999999995
463.14
452.43999999999994
455.43999999999994
458.34
465.64
465.64
462.64
457.43999999999994
463.14
468.03999999999996
462.43999999999994
457.93999999999994
456.23999999999995
460.93999999999994
459.34
478.53999999999996
467.43999999999994
470.23999999999995
478.53999999999996
467.64
469.34
459.64
471.03999999999996
458.73999999999995
465.64
461.43999999999994
458.53999999999996
456.53999999999996
447.14
458.14
447.03999999999996
453.34
449.34
450.53999999999996
450.23999999999995
449.14
446.43999999999994
445.14
448.03999999999996
445.14
442.93999999999994
446.23999999999995
444.84
445.53999999999996
445.43999999999994
444.64
447.84
443.34
442.14
443.64
441.73999999999995
441.93999999999994
441.14
442.73999999999995
445.93999999999994
442.03999999999996
446.84
441.93999999999994
443.34
441.64
441.14
439.64
441.03999999999996
438.64
439.34
442.73999999999995
440.03999999999996
439.93999999999994
439.64
437.93999999999994
439.14
439.34
440.93999999999994
442.43999999999994
440.34
440.34
439.23999999999995
438.93999999999994
439.14
440.84
437.73999999999995
439.93999999999994
440.34
438.23999999999995
439.43999999999994
444.14
438.93999999999994
437.34
440.14
438.93999999999994
440.53999999999996
440.64
439.34
438.93999999999994
439.34
437.84
441.14
441.23999999999995
439.23999999999995
439.43999999999994
436.84
440.73999999999995
437.34
437.43999999999994
438.14
439.43999999999994
438.03999999999996
437.84
439.73999999999995
437.84
436.23999999999995
438.64
441.14
441.93999999999994
438.14
437.53999999999996
438.73999999999995
440.03999999999996
442.93999999999994
441.43999999999994
440.64
439.64
438.34
445.84
441.43999999999994
441.43999999999994
439.53999999999996
441.93999999999994
440.73999999999995
440.93999999999994
441.84
438.64
440.34
441.43999999999994
442.84
442.03999999999996
445.03999999999996
442.14
443.03999999999996
440.84
443.43999999999994
440.03999999999996
439.03999999999996
442.84
440.34
440.34
441.93999999999994
440.64
442.14
440.03999999999996
445.43999999999994
440.43999999999994
438.73999999999995
441.64
444.64
441.64
443.93999999999994
439.53999999999996
441.14
440.43999999999994
443.14
440.64
441.64
445.43999999999994
443.64
442.53999999999996
445.53999999999996
446.53999999999996
458.84
448.23999999999995
447.84
442.73999999999995
447.73999999999995
443.84
447.23999999999995
441.53999999999996
444.14
442.73999999999995
445.03999999999996
442.53999999999996
444.03999999999996
445.53999999999996
442.53999999999996
441.53999999999996
443.23999999999995
447.03999999999996
444.53999999999996
452.64
443.53999999999996
444.84
446.34
441.84
446.64
446.93999999999994
445.03999999999996
458.84
Time: 85.72479267120362