18.2
23.5
21.4
20.9
24.9
26.2
20.5
25.9
28.7
18.1
21.0
18.1
23.4
21.3
21.4
31.5
25.1
20.1
26.6
24.2
24.8
22.8
17.9
21.6
21.0
30.8
32.2
27.1
21.9
19.0
26.1
24.6
36.2
20.0
36.7
18.8
25.4
19.1
19.0
29.0
25.5
21.7
23.4
42.0
34.2
31.7
26.8
30.9
23.6
29.3
31.2
36.8
26.1
30.4
31.0
21.2
27.6
43.2
27.7
30.7
20.7
29.3
28.0
27.3
25.1
31.8
26.7
27.0
29.1
27.9
27.7
20.7
28.4
33.1
25.0
33.1
29.9
21.2
33.4
27.0
26.7
23.2
24.9
34.0
28.6
39.1
31.4
22.1
30.7
31.9
46.4
36.2
38.9
36.6
33.4
32.1
25.7
31.5
39.7
31.7
29.8
38.3
33.5
32.1
30.0
30.5
35.8
53.1
45.4
42.9
26.4
30.5
33.1
35.2
25.2
34.8
45.7
26.4
38.7
34.7
29.3
41.8
38.0
26.8
44.2
30.9
30.1
51.9
30.1
29.3
41.0
47.8
37.4
28.3
41.1
32.9
61.4
46.9
27.5
47.7
32.7
42.4
36.3
43.2
39.3
39.3
37.9
42.6
47.5
37.2
68.6
43.3
36.5
40.5
47.1
43.6
44.6
44.6
37.6
35.4
46.5
36.9
40.3
41.5
41.8
73.3
43.9
39.5
62.5
45.3
43.3
53.3
45.4
54.4
37.4
28.5
49.0
54.6
44.6
57.0
37.9
47.2
53.3
53.1
55.1
45.0
55.1
35.5
56.8
42.8
53.2
48.6
42.9
42.0
57.3
42.6
42.5
41.0
48.6
51.7
52.9
43.4
62.9
36.3
43.9
71.2
34.0
43.5
59.6
53.1
54.9
55.1
74.9
62.1
36.2
57.4
73.4
51.5
53.1
57.0
46.5
52.5
47.1
54.8
65.2
33.4
48.0
40.2
43.0
62.9
37.5
65.2
61.6
59.9
49.4
45.6
49.6
82.9
72.0
52.7
79.9
61.0
55.5
65.7
53.7
73.7
49.5
57.3
66.7
59.7
90.3
69.1
63.8
83.5
52.5
87.5
72.1
99.4
82.5
56.0
69.9
72.0
74.4
38.4
94.4
78.3
45.3
88.8
75.9
94.7
85.6
97.3
51.4
63.8
51.4
109.0
80.3
78.2
83.3
92.9
47.4
73.4
77.6
62.3
58.5
73.0
82.1
65.5
81.6
70.1
92.5
67.4
85.5
76.7
67.5
116.1
113.9
79.7
104.2
65.3
87.9
71.9
99.2
58.0
80.4
101.4
97.5
84.0
92.9
85.1
81.3
90.1
89.8
76.1
67.2
108.1
97.2
91.7
86.4
101.0
84.1
89.5
98.3
55.8
91.7
99.8
125.4
104.9
95.1
133.3
131.2
100.2
90.9
94.4
81.9
116.0
120.4
102.0
87.7
129.3
90.9
84.6
101.5
113.0
105.8
130.3
125.6
146.6
119.7
132.4
120.9
178.3
95.2
106.0
108.4
105.1
162.1
91.0
81.9
104.1
118.1
142.2
146.0
119.8
134.6
132.2
120.8
99.6
126.7
125.2
116.2
92.9
176.1
171.9
146.7
162.9
181.2
180.4
155.9
148.1
198.2
161.3
148.8
116.4
142.5
157.6
129.2
139.9
145.4
141.8
166.6
196.2
136.1
164.5
210.1
113.6
167.5
172.6
201.1
178.6
134.4
156.1
118.5
133.2
138.4
189.0
166.7
134.1
202.8
209.8
182.3
163.3
152.9
146.3
155.0
178.8
130.5
222.2
184.6
168.0
179.5
116.3
180.6
170.2
172.8
228.3
211.8
182.1
194.0
187.5
188.2
183.0
157.7
159.4
216.6
211.8
169.2
175.9
202.1
180.8
165.8
214.3
190.4
220.6
188.9
246.6
200.7
207.9
293.1
185.6
235.4
265.1
264.5
232.6
184.2
208.2
238.7
212.0
233.6
169.8
303.5
183.2
206.8
300.7
227.8
237.7
196.6
232.0
183.2
264.6
299.3
182.4
173.7
222.2
219.9
233.3
267.9
234.3
283.3
246.1
274.2
241.5
226.9
244.1
258.8
299.6
257.6
224.4
263.4
186.7
200.1
258.2
300.5
273.7
354.5
222.6
275.0
171.6
210.2
307.2
207.6
223.8
207.3
249.5
303.0
299.9
258.9
272.7
352.4
344.1
286.8
294.7
273.6
334.9
349.8
285.0
280.3
342.4
284.0
328.7
362.1
294.0
294.6
236.4
258.5
336.2
328.1
338.2
268.1
292.5
314.4
311.4
314.4
327.2
315.1
330.0
327.0
318.2
300.3
322.4
353.5
325.2
354.5
361.6
358.8
383.9
315.0
381.9
345.1
352.4
360.2
386.3
396.7
376.8
327.8
348.1
385.7
338.9
367.2
352.5
355.9
336.7
368.1
357.8
388.6
358.7
340.8
337.6
385.8
380.5
364.9
385.0
320.9
394.7
345.5
372.8
408.9
367.3
408.5
379.5
370.0
405.2
371.0
410.1
419.2
424.7
431.1
405.8
415.4
379.0
355.5
375.5
391.9
394.4
395.1
357.6
371.1
343.1
358.8
355.8
379.0
294.3
354.1
350.3
385.8
401.5
395.2
416.5
417.6
405.3
415.0
417.0
360.0
431.8
435.7
442.4
415.9
421.6
425.9
396.9
396.7
335.9
338.4
348.6
339.2
307.2
279.7
321.7
256.0
322.7
301.1
314.8
267.2
319.0
309.4
311.1
286.8
299.7
321.8
310.5
315.0
301.6
326.7
297.9
332.4
321.2
295.5
316.5
362.2
334.6
363.3
342.6
354.3
354.7
401.6
342.9
389.6
376.9
300.9
333.8
329.7
326.8
342.8
352.4
326.5
350.8
372.4
353.9
378.2
373.2
360.5
402.8
372.6
373.5
391.9
424.1
386.5
385.9
420.3
371.1
363.3
353.4
394.3
383.334
348.034
354.634
377.634
373.73400000000004
379.73400000000004
306.134
336.434
361.134
372.634
413.934
366.034
366.934
374.334
397.23400000000004
371.73400000000004
371.334
370.134
373.634
389.534
359.934
370.834
380.73400000000004
346.634
402.334
376.23400000000004
397.434
375.434
378.034
372.23400000000004
362.034
401.534
403.934
385.834
381.034
398.73400000000004
398.934
378.134
373.73400000000004
347.134
384.134
366.634
396.23400000000004
358.334
367.334
355.334
363.434
374.134
412.23400000000004
384.534
384.034
394.334
425.534
395.434
398.334
396.534
423.73400000000004
398.934
420.334
412.434
387.394
390.794
420.89400000000006
385.794
419.79400000000004
409.194
384.594
372.994
354.994
396.394
383.394
369.394
359.894
362.894
377.794
388.694
328.394
393.594
362.773
392.073
364.173
359.673
363.373
334.573
364.373
373.673
379.273
336.173
389.973
402.973
396.573
394.873
390.173
406.573
400.673
408.773
418.07300000000004
396.173
436.57300000000004
415.17300000000006
422.97300000000007
425.316
405.616
426.716
436.716
432.216
438.416
440.916
401.01599999999996
456.01599999999996
440.216
450.416
432.216
437.216
425.916
434.816
436.916
433.216
436.316
402.116
416.216
427.916
458.51599999999996
440.316
452.01599999999996
458.816
442.816
467.616
468.116
438.916
452.916
469.916
444.916
446.716
459.416
438.116
443.01599999999996
447.51599999999996
421.216
448.416
440.01599999999996
434.116
455.616
456.316
448.01599999999996
428.716
453.316
457.02699999999993
458.12699999999995
452.227
441.62699999999995
444.12699999999995
452.92699999999996
447.92699999999996
452.727
454.12699999999995
421.42699999999996
460.62699999999995
455.227
445.727
488.32699999999994
461.62699999999995
429.82699999999994
452.32699999999994
456.52699999999993
450.82699999999994
458.02699999999993
432.227
435.32699999999994
391.62699999999995
419.42699999999996
424.42699999999996
421.92699999999996
419.62699999999995
431.227
422.62699999999995
452.32699999999994
418.727
443.82699999999994
450.02699999999993
449.42699999999996
449.62699999999995
453.727
459.82699999999994
447.82699999999994
453.92699999999996
445.02699999999993
456.227
421.338
449.238
450.838
434.238
452.038
438.438
430.538
407.638
407.53799999999995
447.838
448.038
451.63800000000003
422.63800000000003
436.338
440.29200000000003
451.592
421.492
427.492
448.29200000000003
460.892
462.992
447.192
450.992
456.092
453.192
439.29200000000003
469.992
448.092
453.992
452.392
451.492
447.892
448.992
453.592
448.492
453.492
447.692
458.29200000000003
446.492
444.79200000000003
431.392
454.592
446.79200000000003
448.592
445.692
440.592
449.29200000000003
456.79200000000003
447.692
447.092
449.79200000000003
419.992
443.992
460.192
462.592
465.092
452.892
439.092
447.992
429.592
449.892
448.092
444.192
451.392
452.092
432.992
452.592
451.79200000000003
454.192
457.192
449.592
464.79200000000003
452.092
452.192
446.392
448.092
448.692
447.592
395.39199999999994
397.99199999999996
441.092
428.992
430.392
418.29200000000003
420.192
431.79200000000003
411.892
391.39199999999994
418.692
433.492
412.492
417.492
433.692
433.492
421.692
412.092
402.49199999999996
423.392
418.492
438.592
434.79200000000003
445.992
450.79200000000003
454.592
458.092
460.092
453.392
451.992
451.192
454.79200000000003
444.992
451.29200000000003
451.392
456.492
450.79200000000003
452.592
455.79200000000003
454.492
451.29200000000003
457.492
413.592
449.992
452.992
454.492
415.992
447.092
447.192
452.992
463.492
Time: 124.5981266260147