22.8
25.4
17.8
17.5
26.3
19.1
25.3
21.8
24.1
20.7
21.2
21.6
20.7
24.4
30.8
22.0
27.8
24.6
27.3
27.7
32.5
43.1
23.1
25.0
29.0
25.8
30.3
23.0
33.7
24.8
34.5
31.1
25.2
46.3
31.0
32.1
31.4
37.1
37.9
30.1
29.1
36.4
29.6
44.2
46.6
43.0
48.0
34.0
27.6
51.2
28.3
28.9
38.5
60.9
48.4
47.1
43.5
69.7
41.8
42.5
57.6
45.2
44.1
43.5
36.1
60.4
53.4
44.8
52.8
62.7
56.5
59.0
49.9
52.1
56.1
48.3
67.1
49.6
58.6
51.5
50.1
70.8
65.2
64.8
54.4
78.0
75.8
91.4
115.3
65.3
64.7
71.0
71.0
104.6
88.2
105.8
104.4
109.1
125.0
173.0
141.5
96.2
130.9
118.5
117.7
132.2
135.4
134.8
164.9
150.6
133.5
125.3
113.8
143.8
142.5
109.4
152.7
197.1
207.6
165.0
239.6
176.9
199.7
189.1
174.7
226.1
218.7
202.7
174.4
201.5
150.6
211.0
194.4
202.1
161.0
193.0
199.2
124.2
165.6
198.3
181.7
195.8
229.8
197.9
250.1
200.5
235.2
208.2
262.0
261.2
292.3
251.6
260.8
213.2
233.5
263.0
196.5
246.0
241.0
236.5
243.0
247.5
259.0
257.0
284.1
268.4
265.0
255.8
282.5
323.6
269.8
305.9
299.2
325.3
272.0
320.0
308.8
264.7
321.1
302.7
307.2
316.4
334.7
266.6
306.6
290.0
282.6
244.5
278.4
281.7
267.5
264.5
286.4
296.8
331.2
314.1
304.7
319.7
310.1
342.4
320.3
326.4
318.1
312.7
317.3
319.5
287.2
299.3
327.7
318.3
303.1
315.6
279.1
319.1
350.6
272.1
303.1
291.1
321.0
296.8
320.2
327.3
299.9
361.6
344.1
397.8
377.8
406.2
343.4
380.1
386.1
361.4
337.8
345.5
345.5
351.4
344.7
350.9
284.9
340.8
299.8
343.3
283.5
304.1
303.9
283.9
336.3
267.9
325.3
393.5
321.3
344.0
381.9
399.5
413.3
374.0
379.2
381.2
360.6
370.6
360.3
382.2
361.9
402.3
387.0
387.4
380.3
380.5
384.1
371.9
375.4
366.9
378.9
366.4
365.6
363.9
372.6
372.4
359.3
373.4
370.8
358.9
355.7
318.6
286.9
300.2
326.9
295.7
303.2
283.8
282.9
280.5
267.3
296.7
297.2
297.0
288.6
272.1
301.5
286.2
287.4
254.7
273.8
310.4
299.9
263.0
321.6
349.4
341.4
298.9
396.4
392.3
330.3
384.0
367.5
368.9
379.6
381.5
366.3
398.6
366.2
387.8
404.8
412.4
416.7
416.7
445.2
426.9
410.5
415.5
394.9
409.1
402.5
398.4
419.0
413.45799999999997
381.358
371.258
434.858
387.558
382.45799999999997
449.788
398.88800000000003
434.188
408.848
402.648
391.848
409.94800000000004
402.148
387.048
397.648
443.148
362.348
410.148
426.94800000000004
425.84800000000007
413.54800000000006
422.84800000000007
413.648
434.648
434.44800000000004
419.648
412.04800000000006
418.148
422.24800000000005
418.04800000000006
420.94800000000004
425.44800000000004
420.148
456.44800000000004
446.74800000000005
454.648
457.04800000000006
417.648
458.54799999999994
455.94800000000004
418.44800000000004
457.948
459.54799999999994
457.34800000000007
452.74800000000005
458.448
455.74800000000005
408.748
437.84800000000007
409.74800000000005
403.048
368.548
367.748
408.548
397.748
400.748
389.948
381.548
385.748
390.848
404.148
400.848
387.148
396.648
406.452
386.352
395.852
386.452
392.552
398.452
394.452
386.552
407.552
394.752
388.252
409.052
412.65200000000004
388.552
392.252
390.052
399.852
412.95200000000006
391.83299999999997
391.033
378.83299999999997
385.433
379.83299999999997
374.633
374.533
375.233
363.933
366.83299999999997
372.33299999999997
371.33299999999997
364.633
371.83299999999997
372.533
365.633
366.933
407.533
416.233
414.033
393.55
414.85
423.15
420.45
431.45
426.15
445.05
441.55
441.45
443.15
443.65
446.35
446.55
446.25
447.05
434.35
388.75
406.35
420.85
420.15
426.25
397.75
425.85
390.65
405.15
447.45
420.95
447.75
448.35
448.85
449.95
449.25
449.95
410.55
450.45
451.55
485.95
485.95
438.35
485.95
485.95
485.95
485.95
485.95
485.95
485.95
485.95
437.15
485.95
485.95
436.95
437.05
388.15
437.25
388.15
388.65
388.25
388.75
342.95
388.45
340.75
339.95
388.45
464.15
388.25
389.55
378.55
436.85
436.85
380.95
388.45
387.95
388.35
364.15
388.55
387.85
388.25
388.45
388.45
388.85
388.15
388.05
388.25
388.35
388.55
340.05
388.75
360.05
388.25
408.84999999999997
389.15
413.35
380.15
437.05
417.85
430.35
437.05
437.15
437.15
437.15
438.55
437.35
437.35
437.25
445.95
446.55
446.35
437.15
446.45
446.55
446.75
446.25
446.85
445.35
437.65
445.65
442.35
440.65
426.15
437.55
437.45
439.65
439.95
440.15
437.25
437.85
417.45
439.85
409.15
414.15
409.04999999999995
428.15
410.85
425.35
408.84999999999997
419.75
417.05
409.54999999999995
409.75
408.24999999999994
403.15
419.45
418.05
408.54999999999995
427.15
400.74999999999994
417.75
416.75
439.75
402.04999999999995
408.24999999999994
425.95
424.65
419.65
426.55
408.54999999999995
439.95
439.35
439.45
440.05
439.05
439.55
437.029
436.329
437.029
437.129
437.029
437.429
436.629
437.729
438.029
437.629
437.829
437.929
436.629
437.729
438.129
438.329
438.029
439.329
400.32899999999995
400.529
439.929
392.529
391.329
439.029
439.729
437.39700000000005
437.797
437.797
438.297
397.897
438.497
438.39700000000005
437.497
438.797
400.397
401.697
440.59700000000004
442.09700000000004
441.297
441.797
442.797
444.697
445.297
446.09700000000004
444.997
445.997
444.59700000000004
443.39700000000005
441.197
443.39700000000005
442.997
444.59700000000004
443.997
445.197
447.497
447.89700000000005
447.797
449.39700000000005
450.697
453.89700000000005
450.797
457.89700000000005
457.297
458.39700000000005
463.997
458.197
462.09700000000004
467.697
470.59700000000004
467.797
462.89700000000005
460.59700000000004
461.697
462.89700000000005
467.39700000000005
469.197
473.797
481.59700000000004
481.59700000000004
481.59700000000004
481.59700000000004
481.59700000000004
481.59700000000004
481.59700000000004
481.59700000000004
481.59700000000004
481.59700000000004
481.59700000000004
481.59700000000004
481.59700000000004
481.59700000000004
481.59700000000004
481.59700000000004
481.59700000000004
481.59700000000004
481.59700000000004
481.59700000000004
481.59700000000004
481.59700000000004
481.59700000000004
481.59700000000004
481.59700000000004
481.59700000000004
481.59700000000004
481.59700000000004
481.59700000000004
481.59700000000004
481.59700000000004
481.59700000000004
481.59700000000004
481.59700000000004
481.59700000000004
481.59700000000004
481.59700000000004
481.59700000000004
481.59700000000004
481.59700000000004
481.59700000000004
481.59700000000004
481.59700000000004
479.342
479.342
479.342
479.342
479.342
479.342
479.342
479.342
479.342
473.142
464.442
460.04200000000003
457.742
455.342
455.442
453.442
450.942
450.242
430.742
449.442
447.342
445.142
444.842
443.642
443.04200000000003
443.442
430.54200000000003
443.142
430.54200000000003
430.54200000000003
430.642
443.742
430.342
430.442
430.442
443.54200000000003
445.142
443.842
445.04200000000003
444.242
430.54200000000003
430.442
443.54200000000003
430.54200000000003
430.742
443.942
430.242
442.942
442.942
430.442
443.442
443.04200000000003
442.142
441.742
442.442
442.54200000000003
443.04200000000003
443.04200000000003
442.442
441.54200000000003
441.942
441.142
442.04200000000003
441.842
441.342
430.642
441.742
442.04200000000003
441.642
441.142
440.742
440.642
440.742
440.942
440.442
439.942
440.242
439.54200000000003
440.642
440.342
440.342
440.642
440.742
440.342
439.842
440.342
440.442
440.54200000000003
439.942
430.54200000000003
430.54200000000003
430.742
439.842
439.642
430.642
439.642
439.242
439.54200000000003
430.842
439.742
439.842
439.742
439.442
430.842
440.04200000000003
440.242
430.742
439.54200000000003
430.642
440.04200000000003
439.942
440.04200000000003
440.54200000000003
439.942
440.342
440.442
440.842
440.642
440.942
440.842
441.242
441.742
441.842
442.04200000000003
442.54200000000003
442.242
442.842
443.442
443.442
442.442
443.242
443.342
442.842
442.742
442.142
442.742
443.742
444.342
444.742
443.742
443.342
444.942
444.342
445.642
444.642
444.342
444.942
444.742
445.442
444.942
445.142
445.842
445.342
445.04200000000003
446.942
445.842
445.342
445.842
445.342
445.04200000000003
446.04200000000003
445.242
445.942
445.842
444.842
444.842
445.142
444.742
445.54200000000003
444.54200000000003
444.942
446.842
446.642
447.642
446.742
449.142
448.342
448.54200000000003
450.442
451.242
452.54200000000003
454.242
457.442
456.942
456.842
456.942
447.442
446.942
446.142
448.242
447.642
443.642
456.04200000000003
446.242
466.742
467.04200000000003
463.942
463.04200000000003
464.942
462.442
459.742
458.942
459.142
456.142
455.54200000000003
453.242
452.842
453.142
452.54200000000003
452.642
453.54200000000003
451.442
452.342
451.942
450.842
448.742
449.142
449.242
449.242
448.342
448.742
448.742
449.54200000000003
447.742
447.442
447.342
447.842
446.54200000000003
446.442
446.54200000000003
446.842
446.842
447.742
447.342
447.842
448.142
447.242
447.04200000000003
447.142
445.842
444.442
444.54200000000003
444.54200000000003
443.54200000000003
442.742
443.642
442.742
442.54200000000003
442.642
442.642
442.54200000000003
442.54200000000003
441.342
442.242
441.54200000000003
441.242
441.642
440.842
440.942
440.242
440.742
440.54200000000003
439.842
440.342
440.842
439.942
439.942
430.54200000000003
440.54200000000003
439.842
440.442
439.742
440.342
430.54200000000003
430.54200000000003
430.442
440.442
441.642
441.442
441.142
Time: 107.5830709695816