16.3
22.5
14.8
16.8
17.2
26.8
21.5
17.9
23.0
24.2
17.1
18.8
21.1
21.1
24.7
16.4
19.8
20.7
26.3
17.1
27.8
22.0
15.7
19.9
25.2
30.1
24.1
27.7
18.8
24.1
23.8
17.5
20.6
21.3
25.3
15.8
24.8
20.6
21.3
28.1
25.5
26.9
20.9
30.7
20.0
27.2
21.2
25.3
24.8
16.8
24.5
21.6
20.3
26.6
27.8
27.8
24.2
40.0
26.9
30.5
23.2
30.3
43.5
23.9
29.4
34.5
28.3
28.8
23.3
31.6
32.6
42.9
37.8
34.8
40.0
33.9
40.8
34.9
46.8
45.5
41.3
34.1
45.6
33.1
62.9
31.5
52.3
38.6
56.8
58.2
46.6
67.7
37.1
52.1
59.3
65.2
77.0
49.9
75.5
84.0
108.3
49.6
92.7
77.6
78.0
142.1
77.9
109.2
86.9
94.9
91.2
141.1
87.6
113.9
115.1
142.7
108.6
133.6
155.0
187.2
144.9
137.6
120.2
182.3
173.8
135.6
165.6
126.6
150.9
203.6
170.9
192.5
211.7
165.2
187.8
206.7
195.9
167.7
164.2
214.1
238.3
179.8
154.0
208.7
164.1
169.9
112.7
192.6
212.0
189.0
183.1
168.9
196.1
195.1
233.2
211.3
230.9
212.6
186.9
233.7
220.6
190.7
261.8
200.3
218.7
186.7
219.0
188.2
218.5
252.4
203.3
228.4
274.9
249.4
296.5
260.3
268.6
238.6
242.4
279.5
267.9
256.7
324.7
302.0
257.5
295.2
273.9
290.2
309.1
300.2
328.0
306.5
361.6
337.2
324.8
344.6
345.3
375.3
287.1
343.2
349.3
332.7
339.4
307.8
349.2
336.6
333.2
329.5
312.4
309.6
351.8
371.2
313.8
389.9
302.3
386.2
368.2
330.3
332.0
298.7
246.7
261.8
296.9
316.1
286.2
323.9
267.4
246.5
280.0
272.8
250.7
279.1
264.8
286.1
291.2
309.5
300.5
314.7
310.5
294.5
319.9
271.2
323.7
338.3
238.7
245.9
253.0
231.0
268.4
263.8
249.6
243.2
234.3
268.4
257.6
166.4
268.9
215.3
233.7
255.5
236.2
261.2
284.6
261.7
253.2
295.5
282.5
281.4
288.6
299.2
300.1
296.8
279.4
306.9
301.3
308.8
319.2
311.6
290.2
319.0
326.9
322.4
331.7
277.9
329.5
332.4
327.0
335.2
329.5
330.9
332.4
327.1
299.9
343.5
329.7
331.3
334.1
322.8
357.2
363.5
384.7
403.3
369.1
396.4
397.3
406.0
410.7
405.6
427.1
394.6
428.0
403.9
404.0
405.2
387.2
400.1
356.9
393.2
389.1
402.4
404.6
384.8
425.7
407.0
413.0
412.4
395.5
414.2
402.5
384.1
440.2
426.9
451.1
432.805
415.70500000000004
416.20500000000004
434.105
439.70500000000004
427.505
446.20500000000004
419.20500000000004
467.90500000000003
469.005
468.505
476.805
422.70500000000004
459.005
425.305
391.20500000000004
432.20500000000004
396.305
426.70500000000004
430.40500000000003
392.105
373.505
386.334
384.034
366.434
390.534
387.534
442.73400000000004
448.034
375.73400000000004
402.834
461.334
411.634
453.334
404.23400000000004
390.334
358.034
410.634
406.934
399.134
386.034
457.73400000000004
407.034
406.034
393.834
404.434
357.434
389.334
357.034
377.23400000000004
408.73400000000004
396.834
420.834
437.334
416.934
436.334
432.334
423.971
425.571
426.771
427.971
429.471
431.671
432.371
410.971
439.771
435.971
451.571
456.071
459.971
424.771
420.371
418.271
430.071
418.171
394.871
422.171
393.171
384.171
420.571
394.271
419.271
411.371
416.471
362.971
395.671
395.471
408.971
386.771
388.471
379.371
388.271
382.971
373.371
379.471
326.371
374.371
377.071
377.871
371.471
347.871
323.971
331.571
358.571
352.271
352.971
354.771
362.571
364.671
356.671
364.671
367.971
350.371
347.971
354.171
353.671
354.371
337.471
356.571
345.871
335.771
348.771
343.871
352.071
355.771
353.53499999999997
349.135
352.835
345.435
352.335
351.235
355.235
364.835
364.135
377.735
388.235
394.235
397.235
386.635
388.935
394.135
412.13500000000005
399.53499999999997
404.635
408.635
413.7219999999999
357.12199999999996
397.022
406.322
404.822
397.62199999999996
404.322
408.12199999999996
398.522
395.022
391.42199999999997
387.522
389.92199999999997
388.42199999999997
385.12199999999996
393.222
401.12199999999996
395.42199999999997
387.022
404.12199999999996
405.322
407.12199999999996
404.62199999999996
372.62199999999996
405.322
400.722
400.022
400.822
399.222
400.822
400.62199999999996
399.022
391.522
386.322
386.222
376.822
374.12199999999996
376.12199999999996
375.92199999999997
371.42199999999997
373.722
375.62199999999996
375.92199999999997
374.62199999999996
376.222
381.12199999999996
388.022
347.42199999999997
350.822
392.12199999999996
367.62199999999996
368.022
367.722
340.822
346.42199999999997
369.62199999999996
343.322
345.62199999999996
362.822
335.12199999999996
353.62199999999996
366.42199999999997
375.42199999999997
377.822
379.022
377.822
379.822
377.022
376.222
375.92199999999997
376.822
375.222
376.92199999999997
378.522
376.42199999999997
373.822
373.822
374.722
375.12199999999996
372.722
359.12199999999996
375.322
373.022
372.022
371.12199999999996
370.62199999999996
359.12199999999996
372.222
370.522
371.022
369.722
366.92199999999997
368.92199999999997
369.12199999999996
357.022
353.722
367.42199999999997
367.022
364.822
365.022
354.222
363.92199999999997
365.12199999999996
349.722
361.12199999999996
352.12199999999996
358.722
336.92199999999997
352.42199999999997
357.822
354.42199999999997
351.822
351.92199999999997
365.92199999999997
362.322
354.822
364.522
368.12199999999996
367.722
368.822
367.12199999999996
367.722
370.322
369.322
369.822
369.822
368.722
371.42199999999997
373.222
372.42199999999997
374.42199999999997
373.822
372.62199999999996
372.92199999999997
372.92199999999997
374.822
370.322
372.12199999999996
370.322
372.42199999999997
370.822
370.529
370.229
370.629
372.929
370.629
367.329
368.429
370.229
369.329
370.729
368.329
369.629
369.929
366.712
369.012
367.212
367.812
369.512
372.212
371.512
373.512
372.312
371.212
372.61199999999997
372.512
376.912
375.912
378.912
378.412
381.61199999999997
377.812
382.11199999999997
383.712
386.61199999999997
387.512
394.812
399.412
395.812
397.212
394.812
396.61199999999997
398.11199999999997
401.512
403.512
401.712
402.412
398.512
399.312
400.412
401.412
399.812
399.412
398.412
398.312
399.412
398.912
399.11199999999997
397.712
398.212
397.912
399.012
398.912
397.412
398.312
398.312
398.512
398.012
397.412
398.712
398.212
398.11199999999997
398.912
400.212
399.012
398.512
399.11199999999997
399.812
397.912
399.312
399.712
399.412
398.912
398.812
399.912
399.412
400.212
399.712
401.212
401.61199999999997
402.312
402.212
400.212
400.712
401.812
402.412
400.912
401.61199999999997
404.012
402.512
402.11199999999997
402.912
405.212
405.312
405.012
403.212
404.212
406.212
405.212
404.412
404.412
406.012
405.012
406.412
406.312
408.212
408.11199999999997
407.712
407.812
408.312
406.412
407.212
406.412
405.512
403.712
405.512
404.61199999999997
400.38
398.58
401.78
401.58
399.17999999999995
400.28
400.17999999999995
399.38
398.38
400.67999999999995
397.58
398.17999999999995
398.17999999999995
396.28
396.97999999999996
396.67999999999995
396.47999999999996
395.78
395.97999999999996
397.88
395.47999999999996
395.08
396.38
395.47999999999996
396.38
393.97999999999996
393.28
393.58
393.78
394.47999999999996
394.58
394.08
393.17999999999995
390.67999999999995
393.47999999999996
393.67999999999995
393.17999999999995
392.97999999999996
394.28
393.17999999999995
387.88
391.67999999999995
392.28
391.78
393.97999999999996
393.58
393.38
391.67999999999995
392.58
392.47999999999996
394.08
393.78
393.78
392.58
393.97999999999996
392.67999999999995
394.28
393.38
393.78
392.47999999999996
393.88
394.58
395.58
393.47999999999996
394.28
392.97999999999996
394.47999999999996
395.38
393.97999999999996
395.08
394.67999999999995
395.67999999999995
394.78
393.97999999999996
394.78
394.67999999999995
395.28
395.67999999999995
394.47999999999996
395.78
395.47999999999996
396.38
396.08
394.67999999999995
394.97999999999996
395.58
393.67999999999995
395.17999999999995
395.78
394.38
394.08
394.17999999999995
393.78
395.17999999999995
393.38
392.97999999999996
391.58
392.88
392.67999999999995
394.78
393.08
392.78
393.17999999999995
394.47999999999996
393.97999999999996
393.78
386.28
391.78
386.97999999999996
392.67999999999995
393.58
392.78
386.97999999999996
390.67999999999995
393.38
392.58
392.47999999999996
393.47999999999996
388.97999999999996
393.88
392.67999999999995
393.38
391.97999999999996
392.97999999999996
388.58
390.78
392.58
392.67999999999995
393.38
394.67999999999995
393.78
394.08
393.28
392.88
394.17999999999995
394.08
393.58
394.58
394.28
394.17999999999995
394.58
394.17999999999995
394.67999999999995
394.28
394.47999999999996
394.28
393.88
394.67999999999995
394.47999999999996
395.17999999999995
393.97999999999996
395.08
394.38
393.47999999999996
393.88
394.17999999999995
393.58
394.58
395.38
395.17999999999995
395.08
393.67999999999995
394.17999999999995
392.97999999999996
392.58
392.38
394.08
393.78
393.28
394.08
393.58
393.67999999999995
392.58
394.38
394.17999999999995
393.78
393.28
393.58
393.47999999999996
393.67999999999995
393.97999999999996
392.78
394.38
395.08
394.38
393.67999999999995
394.58
393.47999999999996
394.08
394.08
395.28
394.58
395.67999999999995
393.47999999999996
395.88
395.88
395.47999999999996
394.67999999999995
395.17999999999995
394.58
394.58
394.58
395.58
394.58
395.17999999999995
396.97999999999996
396.17999999999995
395.38
396.08
397.08
396.58
398.47999999999996
397.47999999999996
396.88
398.58
398.38
397.67999999999995
399.88
398.67999999999995
397.97999999999996
398.47999999999996
397.28
397.58
398.58
398.88
399.28
397.58
399.08
396.58
398.88
397.97999999999996
398.47999999999996
398.58
396.97999999999996
396.97999999999996
398.08
398.28
396.28
395.97999999999996
397.17999999999995
396.58
396.88
396.47999999999996
396.88
396.67999999999995
395.88
394.67999999999995
394.97999999999996
395.47999999999996
395.38
395.88
394.67999999999995
395.78
393.97999999999996
395.17999999999995
Time: 115.2642624616623