18.1
18.7
29.3
27.9
28.4
20.4
29.0
18.0
17.2
27.1
26.1
27.1
34.5
39.0
24.8
29.8
22.5
24.0
25.6
25.0
30.2
28.4
29.2
32.8
33.7
34.3
25.6
32.1
47.3
33.2
43.7
31.5
27.2
47.7
43.4
27.8
35.3
38.8
50.5
35.3
31.0
39.4
34.4
39.4
37.5
43.5
26.0
30.3
35.4
37.2
45.0
34.5
50.8
44.2
58.2
41.8
73.1
43.7
65.7
61.7
65.2
35.6
61.5
71.6
58.6
54.0
95.9
73.4
52.4
67.6
62.8
51.5
63.9
76.6
68.3
70.2
73.0
101.2
101.8
72.1
103.5
95.9
78.0
103.6
97.1
76.7
134.2
136.7
132.2
147.4
183.9
147.9
135.7
100.2
123.7
139.4
160.4
112.4
108.4
157.2
153.3
134.6
143.7
158.7
110.8
171.0
116.0
114.5
150.1
156.9
152.6
149.3
169.7
141.2
131.8
134.4
150.1
91.5
120.0
150.6
130.0
195.2
186.5
163.5
199.6
232.5
240.0
240.2
225.4
230.1
222.3
233.7
297.7
245.8
257.9
218.1
262.8
243.1
252.2
269.2
261.7
281.0
263.7
281.8
290.1
273.6
256.4
272.3
275.5
298.1
271.2
282.3
333.1
297.7
318.4
324.5
321.5
377.8
343.4
278.0
373.4
306.0
310.8
266.4
271.3
286.7
280.3
297.0
308.3
325.6
314.6
283.0
274.8
306.5
343.0
309.4
284.9
334.9
337.0
262.0
306.5
318.0
295.6
318.3
305.7
256.2
362.2
404.3
351.3
359.0
334.5
359.7
364.1
275.1
306.4
321.4
274.1
229.5
226.5
268.7
271.1
221.2
225.5
268.6
315.1
253.1
309.8
296.8
274.3
304.4
307.4
346.5
288.5
254.1
306.4
313.1
304.4
317.0
321.6
294.3
348.9
315.8
346.5
367.9
369.0
345.4
373.9
369.1
403.6
367.3
401.2
401.3
428.2
413.9
425.2
461.8
413.7
434.6
422.6
414.8
363.6
394.3
390.7
386.9
441.0
451.9
452.5
390.6
402.0
384.7
394.7
391.0
404.0
413.7
416.9
423.1
396.9
393.3
394.1
421.5
371.1
366.7
360.6
354.5
349.8
347.7
311.0
349.8
317.2
367.2
378.1
355.9
347.0
379.6
379.7
385.5
370.7
383.6
343.4
339.1
328.8
341.5
357.3
345.4
356.6
397.8
387.2
392.7
369.9
395.3
383.9
410.2
431.4
419.7
433.3
435.8
391.7
426.8
403.1
405.8
343.0
337.1
338.8
390.9
388.3
347.8
381.0
347.9
349.7
381.3
382.1
350.3
308.9
374.5
275.8
353.8
348.0
337.6
336.2
313.4
330.0
317.4
359.5
342.4
305.9
315.5
346.1
361.2
373.1
388.2
392.2
391.7
398.2
457.9
463.6
433.3
396.8
411.1
393.0
425.9
429.0
424.0
424.029
391.129
423.229
421.629
388.129
423.829
408.929
381.429
427.829
418.654
426.054
390.954
428.754
391.754
393.954
396.454
416.454
437.754
377.654
362.954
419.154
381.754
353.954
376.054
357.154
363.254
364.554
371.054
377.754
416.354
406.254
398.654
414.054
391.754
366.254
390.954
408.154
407.454
340.954
380.254
380.954
390.154
409.654
410.454
410.754
375.40500000000003
409.40500000000003
376.805
374.20500000000004
379.505
375.70500000000004
380.105
379.005
355.70500000000004
363.805
374.505
392.40500000000003
370.005
356.005
360.20500000000004
391.105
365.805
394.005
379.90500000000003
383.20500000000004
383.105
387.105
375.90500000000003
398.105
383.805
424.305
422.805
406.90500000000003
425.40500000000003
437.605
421.70500000000004
423.005
381.90500000000003
423.805
406.805
427.305
408.40500000000003
363.605
405.15500000000003
403.755
406.355
361.555
404.65500000000003
401.36800000000005
402.668
401.068
402.26800000000003
401.868
401.96799999999996
402.868
394.46799999999996
400.268
402.768
401.96799999999996
403.96799999999996
403.468
402.768
403.568
403.768
403.868
405.168
404.26800000000003
404.168
403.76800000000003
407.26800000000003
402.96799999999996
404.76800000000003
403.43
402.13
402.73
402.33000000000004
405.63
406.83000000000004
405.83000000000004
404.83000000000004
403.13
408.23
410.93
438.53000000000003
438.53000000000003
440.33000000000004
439.63
440.43
438.93
438.73
414.63
413.03000000000003
439.53000000000003
403.23
418.73
426.83000000000004
403.83000000000004
406.53000000000003
403.63
418.43
407.23
441.13
416.93
406.53000000000003
401.93
423.33000000000004
415.53000000000003
407.83000000000004
384.43
377.83000000000004
409.33000000000004
406.33000000000004
406.302
402.802
403.302
401.40200000000004
399.00200000000007
395.802
396.20200000000006
392.90200000000004
393.802
392.70200000000006
392.20200000000006
391.00200000000007
394.00200000000007
394.802
391.40200000000004
393.60200000000003
393.302
394.40200000000004
391.60200000000003
394.70200000000006
391.20200000000006
393.20200000000006
395.50200000000007
396.00200000000007
395.40200000000004
394.20200000000006
396.40200000000004
393.50200000000007
397.40200000000004
394.50200000000007
395.60200000000003
395.60200000000003
396.90200000000004
397.70200000000006
399.302
397.90200000000004
397.20200000000006
398.90200000000004
397.302
395.50200000000007
394.50200000000007
397.802
395.00200000000007
395.00200000000007
393.50200000000007
393.60200000000003
395.70200000000006
395.60200000000003
394.00200000000007
394.70200000000006
394.802
397.70200000000006
396.20200000000006
396.00200000000007
397.302
396.802
396.40200000000004
395.90200000000004
399.302
396.302
395.802
396.60200000000003
394.00200000000007
394.10200000000003
396.302
397.70200000000006
397.802
396.802
396.60200000000003
396.802
401.50200000000007
400.60200000000003
401.60200000000003
399.50200000000007
397.302
395.90200000000004
373.00200000000007
362.802
369.10200000000003
365.20200000000006
365.50200000000007
363.10200000000003
385.20200000000006
402.50200000000007
401.60200000000003
401.302
401.90200000000004
402.40200000000004
403.302
398.60200000000003
406.20200000000006
406.20200000000006
400.302
406.00200000000007
440.20200000000006
441.60200000000003
442.302
425.00200000000007
441.064
443.064
443.16400000000004
442.46400000000006
442.564
442.96400000000006
444.36400000000003
445.764
446.46400000000006
446.96400000000006
443.86400000000003
447.86400000000003
446.46400000000006
450.564
449.46400000000006
446.264
413.564
408.764
416.564
409.564
407.064
409.564
411.264
407.764
411.36400000000003
414.46400000000006
412.36400000000003
413.264
411.86400000000003
412.564
419.36400000000003
416.064
411.96400000000006
416.16400000000004
404.86400000000003
416.46400000000006
413.264
413.16400000000004
445.36400000000003
445.064
445.46400000000006
446.36400000000003
444.16400000000004
449.36400000000003
445.764
446.36400000000003
450.66400000000004
450.96400000000006
445.764
447.36400000000003
447.96400000000006
449.764
454.564
444.46400000000006
447.764
446.96400000000006
444.064
445.564
448.36400000000003
445.16400000000004
445.96400000000006
443.064
441.764
452.764
443.96400000000006
445.96400000000006
442.764
443.66400000000004
441.66400000000004
439.66400000000004
439.064
440.86400000000003
443.96400000000006
443.46400000000006
439.46400000000006
441.16400000000004
440.36400000000003
438.564
423.66400000000004
436.564
415.66400000000004
417.46400000000006
411.36400000000003
406.764
426.86400000000003
433.764
424.46400000000006
422.564
442.264
445.064
442.764
438.16400000000004
445.66400000000004
439.96400000000006
439.66400000000004
445.36400000000003
438.96400000000006
439.764
442.46400000000006
442.564
438.264
440.764
437.064
439.16400000000004
444.46400000000006
445.36400000000003
441.064
443.86400000000003
439.064
437.264
452.46400000000006
438.16400000000004
443.764
445.564
464.064
458.264
448.46400000000006
459.064
451.564
451.564
435.064
426.96400000000006
419.064
430.46400000000006
428.564
425.46400000000006
418.86400000000003
423.36400000000003
415.764
416.16400000000004
424.564
422.16400000000004
428.86400000000003
431.264
438.564
448.36400000000003
447.46400000000006
450.66400000000004
447.96400000000006
453.064
450.86400000000003
453.764
463.66400000000004
469.264
466.66400000000004
481.064
481.064
481.064
481.064
481.064
481.064
481.064
481.064
481.064
481.064
481.064
481.064
481.064
481.064
481.064
481.064
481.064
481.064
481.064
481.064
481.064
451.86400000000003
481.064
464.764
481.064
475.064
476.264
481.064
481.064
481.064
481.064
481.064
481.064
481.064
481.064
481.064
481.064
481.064
481.064
481.064
481.064
481.064
481.064
481.064
481.064
471.36400000000003
481.064
481.064
450.46400000000006
449.16400000000004
450.064
453.064
469.764
455.264
448.66400000000004
447.564
445.46400000000006
447.96400000000006
440.36400000000003
444.86400000000003
449.66400000000004
442.064
443.36400000000003
445.264
448.16400000000004
449.16400000000004
450.564
444.16400000000004
449.96400000000006
453.064
454.564
469.36400000000003
477.764
481.064
481.064
481.064
481.064
481.064
481.064
481.064
481.064
481.064
478.87300000000005
478.87300000000005
478.87300000000005
478.87300000000005
478.87300000000005
478.87300000000005
478.87300000000005
478.87300000000005
478.87300000000005
478.87300000000005
478.87300000000005
478.87300000000005
478.87300000000005
465.273
449.67300000000006
449.273
444.273
445.07300000000004
445.17300000000006
443.87300000000005
442.67300000000006
443.273
442.773
443.17300000000006
443.07300000000004
443.273
443.97300000000007
444.273
442.57300000000004
442.97300000000007
441.67300000000006
441.97300000000007
440.57300000000004
441.773
439.97300000000007
440.273
440.47300000000007
440.37300000000005
439.773
439.67300000000006
440.47300000000007
439.67300000000006
439.97300000000007
440.273
440.273
440.47300000000007
439.87300000000005
439.87300000000005
440.47300000000007
440.57300000000004
440.67300000000006
441.47300000000007
441.273
440.97300000000007
442.47300000000007
441.273
441.773
442.67300000000006
441.87300000000005
442.57300000000004
443.47300000000007
441.87300000000005
443.37300000000005
444.773
443.97300000000007
445.773
445.17300000000006
444.97300000000007
445.773
448.273
447.37300000000005
448.57300000000004
448.47300000000007
450.773
452.47300000000007
452.17300000000006
452.87300000000005
455.273
455.07300000000004
456.17300000000006
456.87300000000005
457.67300000000006
458.273
460.87300000000005
465.273
464.273
466.273
470.17300000000006
468.57300000000004
477.37300000000005
476.273
477.773
478.87300000000005
478.87300000000005
478.87300000000005
478.87300000000005
478.87300000000005
478.87300000000005
478.87300000000005
478.87300000000005
478.87300000000005
478.87300000000005
478.87300000000005
478.87300000000005
478.87300000000005
478.87300000000005
478.87300000000005
478.87300000000005
478.87300000000005
478.87300000000005
478.87300000000005
478.87300000000005
478.87300000000005
478.87300000000005
478.87300000000005
478.87300000000005
478.87300000000005
478.87300000000005
478.87300000000005
478.87300000000005
478.87300000000005
478.87300000000005
478.87300000000005
478.87300000000005
478.87300000000005
478.87300000000005
478.87300000000005
478.87300000000005
478.87300000000005
478.87300000000005
478.87300000000005
478.87300000000005
478.87300000000005
478.87300000000005
478.87300000000005
478.87300000000005
478.87300000000005
478.87300000000005
478.87300000000005
478.87300000000005
478.87300000000005
478.87300000000005
478.87300000000005
478.87300000000005
478.87300000000005
478.87300000000005
478.87300000000005
478.87300000000005
478.87300000000005
478.87300000000005
478.87300000000005
478.87300000000005
478.87300000000005
478.87300000000005
478.87300000000005
478.87300000000005
478.87300000000005
478.87300000000005
478.87300000000005
478.87300000000005
478.87300000000005
478.87300000000005
478.87300000000005
478.87300000000005
478.87300000000005
478.87300000000005
478.87300000000005
478.87300000000005
478.87300000000005
478.87300000000005
478.87300000000005
478.87300000000005
478.87300000000005
478.87300000000005
478.87300000000005
478.87300000000005
478.87300000000005
476.604
476.604
476.604
476.604
Time: 119.42424530982971