22.6
20.1
23.3
21.4
14.6
16.6
26.9
21.4
20.2
25.7
20.2
22.5
15.8
28.4
17.3
17.2
22.5
22.7
20.7
19.0
27.9
26.1
20.2
26.8
25.0
29.7
22.7
21.4
26.8
29.1
19.0
29.8
25.5
22.2
27.5
25.1
27.0
31.3
32.7
29.7
33.5
29.1
22.5
31.1
30.7
20.2
40.3
20.9
43.7
34.3
26.7
33.9
30.9
27.3
26.0
29.2
38.9
31.2
26.6
45.3
29.0
28.9
23.3
28.9
29.5
31.7
35.7
38.9
29.6
21.2
31.8
44.0
26.4
29.5
32.1
43.8
28.3
48.5
35.4
39.5
28.0
40.1
33.3
42.2
30.2
36.5
36.2
44.3
42.1
36.8
44.8
29.6
35.9
39.1
28.0
31.7
29.8
38.7
42.2
44.6
31.3
47.8
35.1
40.8
40.7
39.4
29.3
44.2
33.0
47.3
37.0
27.2
41.4
33.3
40.2
46.8
40.5
51.7
33.7
36.7
51.4
35.1
41.8
41.3
34.6
48.0
43.8
40.3
39.6
39.1
58.7
43.5
56.6
47.1
45.9
44.1
46.8
37.2
45.1
53.2
51.6
34.7
34.8
45.6
59.4
45.6
38.8
60.0
60.8
47.8
68.1
45.1
49.0
79.0
67.4
44.5
45.1
52.2
47.9
51.6
42.6
40.3
43.5
52.0
65.6
44.6
36.3
44.0
46.8
60.3
53.2
54.4
63.4
65.7
60.9
68.6
62.0
61.9
52.5
61.6
58.9
66.7
90.1
56.9
85.2
86.1
68.4
57.8
48.1
92.9
50.8
60.1
58.2
99.9
53.7
99.3
65.8
86.2
63.3
66.0
69.6
73.5
49.9
68.3
55.0
62.0
75.1
72.1
48.9
74.5
54.4
61.8
94.7
74.1
81.2
84.0
77.1
109.6
56.9
74.5
74.5
84.3
55.9
101.7
83.3
65.4
63.7
112.5
134.2
66.9
88.3
85.8
131.2
115.1
142.5
106.9
61.0
76.5
127.5
110.0
95.3
69.7
113.2
106.8
94.8
77.4
68.3
81.2
135.7
132.9
113.8
107.1
148.5
84.6
72.8
83.7
102.7
78.9
96.1
157.5
100.7
126.2
103.7
109.5
127.8
149.2
113.4
129.4
104.5
90.5
88.1
112.3
102.4
74.3
122.6
132.3
129.5
144.2
135.7
103.3
120.9
117.5
137.8
201.9
167.5
146.7
176.3
140.4
135.5
160.1
128.7
140.5
149.4
160.5
157.3
150.0
204.9
147.2
140.9
150.6
163.4
120.5
124.1
183.6
258.4
155.8
113.7
133.0
168.7
149.3
194.2
204.5
181.2
162.9
163.1
227.6
140.3
151.6
137.8
170.3
176.8
220.9
215.9
191.1
121.5
183.1
129.1
289.4
182.2
225.0
188.0
244.0
178.4
140.4
232.2
166.4
151.1
208.1
196.0
273.4
255.2
197.0
211.9
261.3
252.2
212.6
220.5
229.5
258.6
206.4
240.3
243.0
232.8
218.8
287.4
192.7
282.4
269.6
320.6
240.2
268.8
248.9
244.2
317.5
213.5
165.4
222.3
291.0
234.0
235.0
191.5
220.4
245.3
274.5
245.6
313.6
248.8
248.5
228.5
278.5
279.1
279.9
259.5
264.5
258.4
326.0
281.2
232.5
216.3
298.8
323.6
274.6
296.9
337.9
233.0
227.1
209.9
268.0
312.3
271.1
256.5
271.4
326.3
362.7
322.7
320.9
316.3
367.4
284.8
376.8
242.4
330.1
300.3
326.4
339.0
303.9
321.0
282.1
317.5
328.3
326.7
263.5
304.6
355.5
299.1
311.6
321.2
285.8
341.1
344.1
328.5
308.7
365.3
354.7
335.4
248.7
361.6
380.2
362.0
341.1
299.4
337.2
387.6
289.7
360.2
389.6
386.4
372.3
399.2
356.3
324.4
396.9
303.2
302.2
372.7
328.2
310.5
350.2
392.2
367.7
363.2
403.8
300.1
371.4
344.3
444.7
347.2
305.1
409.2
375.6
337.3
349.5
350.7
372.7
311.5
350.4
395.3
412.9
341.4
349.5
386.0
333.4
419.5
447.5
418.0
396.3
339.6
407.6
401.8
401.6
298.4
313.4
393.2
369.9
404.5
360.1
370.2
396.6
350.4
262.9
Time: 47.01289966106415