20.4
24.2
20.4
20.0
20.1
18.0
27.1
24.4
20.8
23.6
24.6
21.3
26.2
23.2
19.6
16.7
29.4
14.0
25.6
21.0
25.6
25.5
22.6
18.6
27.2
30.5
30.4
22.2
21.5
28.2
27.3
22.4
23.9
24.6
36.9
29.6
24.2
27.9
25.7
19.8
28.0
21.2
28.1
25.0
29.1
25.4
25.9
26.6
26.1
33.2
41.0
28.4
29.6
20.1
27.3
26.1
25.4
21.0
30.7
31.5
32.8
27.7
24.5
38.0
44.3
25.4
22.6
37.4
42.8
35.2
27.8
30.1
31.5
40.5
35.9
24.7
40.9
33.5
31.0
43.9
24.8
36.0
23.5
24.3
31.2
31.3
30.2
43.9
32.9
46.4
32.1
39.3
30.1
28.9
32.4
28.9
25.5
26.9
32.1
28.8
27.7
38.4
45.3
38.7
29.8
54.7
46.1
26.6
34.6
45.5
50.5
37.6
38.4
43.2
39.5
35.0
37.4
43.6
49.0
50.8
35.6
59.9
45.8
58.8
55.3
47.6
48.4
41.8
55.7
41.3
39.5
38.0
43.6
47.8
52.0
50.1
49.4
54.8
50.5
50.7
40.6
42.2
59.4
42.5
44.8
54.7
45.0
44.1
55.5
59.1
38.2
59.3
51.6
44.2
56.0
42.2
43.8
36.1
79.3
55.5
71.6
56.9
53.8
50.4
58.7
63.5
61.2
53.4
37.4
44.6
47.3
73.3
47.8
59.6
64.9
68.4
73.6
83.8
54.7
45.0
61.1
63.8
53.8
70.2
43.5
74.5
60.5
53.1
49.6
54.8
72.4
58.4
51.5
68.7
76.1
102.6
54.6
75.2
75.7
64.6
52.0
57.2
62.8
52.7
96.4
91.6
60.5
79.1
72.1
79.7
55.7
77.1
71.2
58.5
86.3
105.2
76.2
51.9
74.7
100.5
116.9
64.1
60.9
52.3
59.4
67.8
80.1
98.8
70.0
94.4
77.8
117.1
71.9
75.9
106.1
79.2
98.6
79.2
117.3
105.0
104.8
125.8
76.4
141.0
96.7
109.4
129.8
89.9
124.3
87.2
93.2
86.6
88.2
130.8
126.2
129.0
119.7
115.0
115.2
140.8
103.6
101.9
167.6
140.3
109.7
96.7
136.4
96.8
94.4
129.4
129.7
129.4
129.1
150.5
147.6
131.9
91.1
123.2
161.3
98.3
77.3
137.8
111.1
150.2
147.1
104.0
121.6
126.9
127.0
120.7
95.7
115.8
101.3
167.1
93.6
135.2
167.2
191.0
111.4
164.7
135.7
139.4
139.7
121.9
131.3
130.0
98.5
132.8
127.3
118.0
158.6
121.1
158.6
168.0
176.0
152.1
118.6
111.7
155.5
171.5
171.2
191.0
135.7
136.6
248.9
150.8
160.9
186.1
161.0
177.0
195.7
173.3
150.2
235.1
225.5
278.1
166.3
180.5
214.3
240.2
232.4
208.7
159.9
176.7
180.5
205.2
189.6
225.1
212.2
214.3
234.3
261.3
171.8
248.5
235.4
230.1
195.1
262.2
285.6
231.8
285.6
227.1
215.8
215.8
193.2
246.1
262.2
242.3
191.7
235.3
248.4
206.7
211.6
350.9
244.1
253.8
300.4
332.0
275.7
152.1
290.7
268.1
272.1
289.7
288.2
311.7
311.2
274.1
241.9
307.8
276.6
259.6
299.7
274.8
307.9
284.2
250.8
258.8
215.0
322.6
367.3
269.8
326.0
287.2
309.2
290.2
315.4
274.4
310.8
371.6
353.2
275.5
296.9
236.2
282.4
299.8
332.0
316.5
292.2
294.8
366.6
305.8
342.8
341.8
304.4
319.3
251.3
265.5
263.3
304.5
352.8
341.9
309.4
340.8
403.3
344.4
398.3
263.4
305.6
244.3
246.7
228.4
378.8
378.1
289.7
396.0
366.8
301.4
277.8
303.3
332.4
348.1
364.5
380.5
331.0
334.5
396.0
422.9
418.8
400.4
410.9
381.5
392.7
394.0
366.7
408.3
350.6
387.0
387.3
399.9
412.1
343.4
438.1
348.0
352.7
384.6
359.1
313.2
308.5
393.2
341.8
394.2
339.6
330.8
335.4
388.0
406.1
489.0
419.0
414.9
382.4
377.6
330.9
386.4
401.2
358.9
391.4
373.2
419.2
432.2
296.6
398.0
398.0
350.9
367.2
430.4
371.9
290.1
378.9
353.2
376.4
386.0
361.7
424.7
432.4
426.9
410.7
427.0
429.8
395.6
425.2
401.7
423.6
415.8
336.8
425.4
429.0
346.1
358.2
452.1
412.9
319.8
444.5
401.6
410.6
415.4
383.4
435.6
413.5
389.7
418.3
423.7
415.0
394.1
471.6
369.1
400.6
411.0
468.0
385.4
395.9
362.9
456.2
457.6
449.9
472.9
495.0
426.5
438.6
429.9
399.9
398.5
423.0
379.6
444.2
439.9
371.7
424.2
434.2
390.8
408.1
405.7
388.9
406.5
372.2
455.6
416.4
373.0
440.7
408.9
402.8
447.6
471.5
434.2
407.4
483.9
442.3
461.0
413.5
409.3
378.8
387.6
326.2
403.794
492.79400000000004
444.1940000000001
439.79400000000004
451.994
485.29400000000004
437.09400000000005
460.89400000000006
431.39400000000006
426.09400000000005
427.1940000000001
441.39400000000006
405.594
419.494
459.29400000000004
442.39400000000006
489.89400000000006
470.29400000000004
412.494
415.89400000000006
497.59400000000005
365.894
460.494
433.1940000000001
478.39400000000006
408.794
445.59400000000005
458.09400000000005
417.1940000000001
461.09400000000005
470.89400000000006
394.094
423.79400000000004
440.1940000000001
438.6940000000001
400.894
461.29400000000004
386.094
431.494
487.994
404.194
433.59400000000005
438.89400000000006
459.59400000000005
414.79400000000004
435.39400000000006
445.1940000000001
436.1940000000001
483.59400000000005
435.1940000000001
468.89400000000006
462.39400000000006
403.894
497.59400000000005
451.89400000000006
497.59400000000005
493.494
441.494
471.09400000000005
462.994
439.59400000000005
430.89400000000006
428.494
461.29400000000004
469.59400000000005
424.59400000000005
422.79400000000004
453.6940000000001
427.09400000000005
470.29400000000004
469.09400000000005
460.09400000000005
442.89400000000006
488.994
423.29400000000004
480.994
352.594
465.59400000000005
472.89400000000006
445.29400000000004
428.39400000000006
430.29400000000004
405.594
486.89400000000006
428.39400000000006
483.494
446.89400000000006
449.6940000000001
463.29400000000004
487.09400000000005
442.994
456.6940000000001
490.1940000000001
401.694
490.39400000000006
442.994
443.994
492.39400000000006
455.79400000000004
469.59400000000005
446.89400000000006
450.1940000000001
452.09400000000005
491.39400000000006
478.79400000000004
487.59400000000005
474.59400000000005
459.59400000000005
477.39400000000006
484.29400000000004
432.494
392.294
407.594
450.1940000000001
458.09400000000005
411.39400000000006
481.39400000000006
448.39400000000006
490.59400000000005
455.29400000000004
476.1940000000001
416.29400000000004
486.494
472.29400000000004
431.6940000000001
459.994
455.39400000000006
479.933
454.533
494.733
456.933
495.33299999999997
483.733
484.033
467.233
470.533
410.83299999999997
461.83299999999997
486.433
425.83299999999997
353.733
495.33299999999997
495.33299999999997
446.933
495.33299999999997
488.033
495.33299999999997
482.633
466.33299999999997
471.133
466.33299999999997
467.033
483.533
477.033
495.33299999999997
463.733
495.33299999999997
422.033
451.033
445.033
495.33299999999997
495.33299999999997
495.33299999999997
475.433
476.933
495.33299999999997
438.33299999999997
457.233
495.33299999999997
471.14000000000004
448.23999999999995
451.43999999999994
490.14000000000004
462.5400000000001
432.03999999999996
493.0400000000001
486.34000000000003
493.0400000000001
493.0400000000001
449.53999999999996
454.84000000000003
493.0400000000001
493.0400000000001
464.64000000000004
493.0400000000001
455.017
465.817
490.617
434.117
483.117
490.617
458.217
436.117
486.41700000000003
490.617
458.717
461.91700000000003
476.017
485.317
490.617
490.617
474.317
412.41700000000003
443.117
456.617
483.617
490.217
490.617
450.717
451.817
461.117
481.117
467.617
477.117
478.41700000000003
482.017
438.91700000000003
464.317
447.96099999999996
485.76099999999997
473.96099999999996
480.561
461.361
485.76099999999997
464.16099999999994
485.76099999999997
462.061
426.66099999999994
452.66099999999994
464.46099999999996
485.76099999999997
485.76099999999997
485.76099999999997
459.66099999999994
485.76099999999997
464.861
485.76099999999997
449.18
483.38
483.38
483.38
482.88
460.08000000000004
481.88
462.78599999999994
456.686
480.986
453.78599999999994
457.88599999999997
480.986
480.986
480.986
445.38599999999997
480.986
480.986
480.986
480.986
440.486
475.28599999999994
480.986
480.986
480.986
480.986
462.686
480.986
480.986
480.986
477.08599999999996
480.986
480.986
480.986
461.88599999999997
480.986
423.686
480.986
480.986
480.986
456.38599999999997
480.986
480.986
480.986
480.986
480.986
480.986
475.38599999999997
480.986
468.38599999999997
480.986
480.986
480.986
480.986
459.686
480.986
480.986
480.986
480.986
480.986
480.986
480.986
480.986
480.986
477.28599999999994
454.986
446.78599999999994
480.986
480.986
480.986
480.986
480.986
480.986
480.986
480.986
471.38599999999997
480.986
480.986
480.986
480.986
480.986
480.986
480.986
480.986
446.986
453.88599999999997
480.986
480.986
459.78599999999994
480.986
457.986
467.38599999999997
480.986
480.986
480.986
480.986
457.08599999999996
465.379
478.679
478.679
478.679
478.679
452.679
478.679
460.679
478.679
471.079
477.179
478.679
478.679
478.679
455.579
445.879
478.679
478.679
455.279
478.679
439.979
478.679
478.679
478.679
478.679
478.679
478.679
478.679
478.679
478.679
478.679
478.679
478.679
478.679
478.679
478.679
478.679
478.679
478.679
477.579
478.679
478.679
477.279
465.179
478.679
478.679
478.679
478.679
478.679
478.679
478.679
450.179
478.679
478.679
478.679
478.679
478.679
455.879
478.679
466.079
450.879
478.679
478.679
463.579
469.979
473.879
478.679
478.679
478.679
478.679
478.679
478.679
478.679
Time: 127.68205764293671