20.7
16.6
18.7
21.9
23.7
21.2
19.0
20.5
27.7
26.9
26.9
22.6
21.0
24.5
27.3
27.8
20.2
18.0
25.7
22.0
34.0
31.7
24.8
18.4
21.0
21.7
24.7
46.4
26.6
17.7
21.2
32.3
33.0
26.9
25.7
17.6
31.3
20.4
26.4
24.9
37.4
33.2
28.5
15.9
32.4
25.2
31.1
30.7
27.6
38.6
31.7
42.6
27.3
37.9
30.4
38.3
38.1
28.2
48.4
34.4
40.1
34.4
23.2
41.7
27.9
31.8
44.9
29.4
29.7
35.7
42.0
37.8
44.2
45.2
45.6
49.3
37.3
43.4
43.9
41.4
55.2
64.2
54.9
44.8
38.7
39.2
63.2
51.9
55.1
72.7
44.5
49.3
53.1
72.1
74.6
53.1
89.7
72.3
62.1
65.1
53.9
49.1
52.2
82.4
75.0
62.2
88.1
56.7
43.7
81.1
69.0
78.4
61.7
70.0
82.5
77.4
75.9
94.4
119.8
67.4
102.3
93.4
125.3
125.9
112.3
98.0
126.3
108.2
147.1
142.4
91.2
135.0
89.8
87.8
140.4
136.6
97.4
135.9
107.8
123.7
116.7
113.6
138.4
89.7
155.3
108.0
118.4
138.3
120.3
132.2
146.4
134.7
150.2
156.3
149.2
154.1
178.7
167.9
177.3
163.6
148.4
215.0
164.7
141.5
129.0
170.6
164.4
162.0
208.4
161.6
172.0
151.1
212.7
167.1
166.1
175.8
219.6
159.9
212.8
172.3
216.7
140.5
163.1
124.3
237.3
209.5
170.1
211.6
127.9
226.3
148.6
213.6
257.4
199.6
179.5
223.1
232.3
294.8
194.1
227.1
204.4
201.5
185.9
171.9
184.1
237.6
194.3
231.1
189.8
188.1
237.9
235.1
238.5
241.5
257.0
269.3
224.3
287.4
269.5
305.9
225.9
224.8
305.9
266.1
283.7
248.0
275.5
288.4
276.0
208.5
274.4
301.1
287.3
276.2
255.3
244.8
329.8
204.9
252.3
295.9
287.3
248.4
270.9
264.2
250.2
253.4
287.5
243.0
253.0
283.4
208.4
134.1
118.8
116.1
113.4
158.8
105.6
178.1
155.3
151.3
116.7
141.8
107.6
134.2
185.2
197.0
194.3
160.1
150.8
171.2
149.8
173.6
170.1
146.3
159.9
119.9
136.3
184.8
141.3
128.6
143.6
155.9
245.8
155.4
194.1
128.3
154.0
160.0
142.2
154.6
137.6
156.7
140.6
143.2
118.4
161.0
188.9
184.5
156.4
131.9
206.9
186.2
160.0
156.0
251.9
210.7
162.1
183.5
188.2
216.6
219.9
189.5
195.4
256.6
175.3
218.3
201.1
159.6
264.9
206.3
202.5
152.1
161.1
194.0
189.8
145.1
179.1
181.7
198.6
233.6
227.7
177.8
197.7
238.5
217.7
186.5
252.0
204.3
246.4
233.0
243.1
245.1
244.1
200.1
183.9
253.6
173.2
225.4
211.9
218.5
242.0
255.2
209.4
260.5
251.6
237.1
275.9
221.1
207.3
251.0
188.6
231.6
194.8
240.1
249.2
252.4
231.7
292.0
223.7
166.5
165.3
250.9
208.8
223.9
219.5
195.7
223.3
212.1
242.7
231.3
231.8
218.4
195.1
200.9
256.3
189.9
284.2
230.9
237.8
266.7
363.0
236.6
304.9
314.1
290.1
289.3
304.3
282.6
286.0
169.1
308.3
273.4
311.7
328.3
238.0
248.3
316.6
323.8
258.3
291.5
329.3
307.0
317.3
283.1
304.8
332.7
349.6
333.5
350.9
312.5
306.5
289.7
294.9
314.9
283.9
317.2
295.2
259.0
303.7
366.3
279.3
319.7
281.3
311.6
351.1
340.6
341.6
369.4
280.8
325.2
337.7
357.2
302.1
265.2
303.5
281.7
304.1
343.9
322.9
377.0
228.3
302.7
325.7
353.6
264.6
343.3
254.3
329.0
305.7
326.4
251.3
290.5
351.1
352.4
342.0
357.5
356.8
329.7
312.6
282.1
313.6
292.3
262.3
304.3
282.9
337.5
309.0
360.6
335.6
294.3
298.7
330.8
314.4
333.2
289.9
399.1
384.6
286.6
280.3
240.1
333.2
385.0
368.6
266.8
349.4
315.3
335.8
243.4
379.2
357.2
Time: 83.90922603607177