19.7
16.3
21.7
20.3
33.6
22.6
23.4
21.0
28.4
38.4
18.9
21.5
28.9
23.9
28.6
25.1
25.5
27.3
29.2
25.9
26.6
25.9
33.3
20.5
25.6
21.7
26.4
26.3
45.6
31.2
30.5
22.8
31.0
20.8
37.2
26.6
25.5
33.1
44.5
22.0
33.8
31.7
31.3
33.4
38.0
29.1
34.5
42.8
43.6
41.0
35.7
35.5
32.1
42.1
37.7
32.2
37.5
32.5
55.4
38.5
45.7
43.4
35.7
45.6
42.4
44.1
31.4
38.0
58.3
50.2
41.4
61.1
43.3
62.2
63.9
63.9
51.9
61.1
71.8
83.2
53.3
75.7
72.1
72.2
103.4
70.2
51.7
60.4
81.4
62.4
56.1
86.1
66.0
74.0
85.3
75.1
72.5
86.9
77.9
88.5
65.3
73.8
94.2
96.4
126.2
102.4
93.5
91.0
115.3
90.9
92.8
92.8
97.0
68.6
94.5
88.0
84.1
120.4
87.7
93.6
83.4
85.0
102.7
111.6
97.7
115.3
115.2
87.8
93.0
124.0
139.0
109.5
105.9
159.5
147.3
162.5
175.0
163.2
156.7
209.2
119.6
201.2
204.8
156.8
140.9
188.0
164.6
144.4
184.9
165.7
178.8
163.1
189.4
215.5
215.2
216.1
180.9
171.3
234.2
242.1
208.5
247.1
236.5
241.2
245.1
214.6
216.1
230.0
213.2
245.9
205.1
210.9
297.5
193.0
263.0
224.6
258.1
295.5
277.8
295.7
264.6
313.4
285.1
289.4
287.1
273.9
309.2
365.1
276.7
279.0
273.8
386.2
320.3
347.1
375.0
324.3
323.9
309.0
240.3
277.5
328.3
324.7
321.5
344.3
384.1
375.7
340.1
330.6
299.1
341.9
319.8
336.7
338.2
372.6
362.6
361.4
334.7
352.0
357.9
356.3
362.1
343.3
400.0
345.1
364.6
329.1
376.5
354.8
344.3
328.6
353.5
380.1
364.6
368.3
350.4
371.4
278.3
391.9
368.2
388.4
333.3
327.5
363.3
372.3
342.1
347.6
363.2
391.0
410.6
342.7
350.2
388.8
432.6
330.8
349.3
307.9
271.8
250.2
259.6
179.3
292.9
247.0
257.7
281.4
276.0
227.3
270.0
258.5
252.4
267.7
198.6
280.4
235.5
233.5
273.4
229.0
228.6
277.8
270.7
235.6
215.5
244.1
225.5
253.2
272.8
248.5
267.7
222.6
236.9
192.3
274.8
235.3
259.8
272.3
243.7
296.0
294.6
339.4
324.0
377.0
350.2
341.6
367.2
391.1
397.3
378.4
407.9
405.4
403.2
382.6
373.8
394.1
422.8
369.6
432.2
401.0
377.4
348.6
374.6
385.4
423.9
381.3
393.1
340.8
393.3
329.9
371.7
370.0
387.4
316.6
352.9
348.3
347.3
328.5
346.8
360.2
347.2
352.3
369.5
368.1
391.9
392.4
357.0
394.3
378.4
420.9
408.2
422.3
373.6
360.6
418.0
407.4
384.6
412.7
416.2
387.3
421.4
364.0
433.6
384.9
383.0
384.9
433.8
433.3
433.3
432.6
387.8
405.2
402.3
289.8
356.6
357.445
356.445
380.54499999999996
394.54499999999996
359.84499999999997
393.445
308.84499999999997
339.145
325.445
300.04499999999996
257.145
309.645
294.245
307.84499999999997
309.145
294.04499999999996
270.245
277.04499999999996
312.445
330.54499999999996
251.445
266.54499999999996
275.245
287.645
291.84499999999997
308.745
286.945
302.745
308.34499999999997
316.245
314.145
354.706
347.306
360.706
359.406
372.006
328.506
356.706
391.106
398.306
386.806
397.606
402.706
379.406
426.50600000000003
410.206
424.206
437.00600000000003
400.506
388.306
332.106
338.106
320.806
318.706
315.006
289.406
311.306
342.106
346.406
315.706
329.406
337.906
350.906
377.206
377.006
339.606
340.706
334.106
337.506
331.206
346.08000000000004
346.58000000000004
355.68
360.78000000000003
369.98
369.48
368.78000000000003
375.78000000000003
384.08000000000004
374.58000000000004
378.28000000000003
384.08000000000004
392.58000000000004
407.28000000000003
401.78000000000003
399.38
395.18
409.98
402.58000000000004
404.28000000000003
399.78000000000003
409.58000000000004
428.98
397.78000000000003
399.98
394.98
420.38
404.28000000000003
422.98
405.58000000000004
406.08000000000004
408.18
354.68
400.38
402.18
368.08000000000004
363.18
432.18
399.68
400.08000000000004
402.18
416.48
405.98
424.78000000000003
385.98
461.58000000000004
460.48
461.78000000000003
459.78000000000003
458.98
458.88
462.48
395.98
466.98
481.98
423.48
492.98
454.58000000000004
451.688
Time: 92.31343600749969