26.3
25.5
22.6
18.4
22.6
27.1
22.8
16.1
18.5
24.7
22.3
23.0
18.2
30.8
24.3
30.8
26.0
18.5
18.9
28.8
25.1
18.1
27.6
21.7
22.9
22.8
24.8
25.2
28.1
33.3
23.0
30.6
32.9
36.6
32.8
42.3
27.1
30.7
45.8
36.8
40.5
43.5
37.4
40.5
42.8
35.1
41.7
32.9
36.4
30.5
38.5
35.2
42.7
41.7
46.1
50.0
38.7
61.7
49.2
49.2
38.4
45.0
50.4
44.0
54.5
59.0
41.7
42.2
45.9
45.2
66.2
44.8
63.0
54.7
66.6
51.6
76.5
53.2
53.9
72.7
79.9
65.0
84.2
61.8
77.2
72.6
60.4
69.4
67.8
61.6
70.2
88.0
105.8
99.8
88.0
111.8
108.4
94.7
88.4
156.9
141.0
113.4
127.1
159.3
101.0
116.4
156.7
111.2
111.3
89.5
105.2
101.3
140.3
106.2
120.2
107.6
103.3
159.0
114.0
112.2
95.4
123.7
160.5
132.6
125.6
103.2
146.8
135.4
176.9
121.0
136.0
107.0
134.5
109.1
117.2
109.3
146.5
135.0
134.6
136.7
169.7
162.6
140.5
171.7
205.5
220.9
191.2
246.5
186.1
213.8
225.6
182.5
206.7
291.5
252.5
310.6
267.2
259.1
263.7
327.4
225.5
274.5
305.9
231.7
221.4
253.6
248.6
279.5
289.2
243.5
236.1
284.7
223.4
264.4
271.4
220.5
205.9
253.6
200.5
191.8
270.1
229.8
328.0
325.2
255.1
307.5
293.6
272.2
279.2
353.4
332.9
389.6
348.7
297.3
322.7
336.1
307.2
340.1
355.3
372.4
366.4
375.9
414.0
397.7
397.3
384.4
396.9
416.2
387.8
348.4
354.5
401.9
426.1
394.7
369.5
393.7
363.5
309.3
356.7
361.7
369.4
383.8
359.7
394.0
366.1
383.1
351.0
362.5
375.2
388.1
351.2
352.5
418.3
400.4
412.2
432.9
351.3
379.6
335.5
410.5
367.7
322.3
417.7
394.1
419.8
410.1
400.7
336.7
377.9
366.4
413.6
401.7
403.7
409.0
425.2
426.9
397.9
423.7
398.1
341.6
411.9
378.0
392.7
347.4
372.5
406.9
397.7
356.2
351.3
390.1
407.5
395.9
367.6
388.8
412.7
409.1
402.8
426.4
383.6
421.1
407.8
377.4
369.3
374.2
353.9
367.5
361.8
363.0
360.0
320.8
321.3
312.6
352.8
306.3
262.8
301.2
291.2
298.1
311.5
317.6
315.0
346.8
307.9
266.2
318.7
321.2
314.5
291.1
289.6
283.7
351.6
354.1
349.8
340.0
373.8
343.1
409.9
333.7
394.5
383.3
393.4
381.1
359.1
356.7
312.0
321.6
316.1
397.8
343.9
344.4
340.5
360.6
318.9
345.8
299.0
300.67600000000004
366.17600000000004
415.776
305.37600000000003
306.776
288.576
373.67600000000004
385.67600000000004
336.476
390.37600000000003
296.87600000000003
375.37600000000003
389.976
399.076
352.976
319.076
284.976
325.976
376.576
351.576
342.976
328.576
344.276
316.276
339.076
342.87600000000003
325.776
345.67600000000004
317.44300000000004
338.843
294.843
337.043
337.74300000000005
333.14300000000003
343.343
349.543
294.543
313.74300000000005
327.74300000000005
317.043
337.64300000000003
329.343
329.24300000000005
300.94300000000004
374.94300000000004
351.043
344.043
345.74300000000005
351.14300000000003
345.14300000000003
352.24300000000005
308.94300000000004
307.14300000000003
291.44300000000004
304.14300000000003
310.64300000000003
299.74300000000005
258.043
220.54300000000003
227.04300000000003
263.74300000000005
215.84300000000002
233.04300000000003
245.14300000000003
268.343
264.24300000000005
220.44300000000004
276.64300000000003
260.24300000000005
274.543
282.94300000000004
274.64300000000003
275.343
270.543
271.543
273.94300000000004
279.043
270.043
263.24300000000005
273.44300000000004
267.64300000000003
272.343
273.843
278.74300000000005
271.44300000000004
274.24300000000005
262.24300000000005
255.74300000000002
250.74300000000002
286.043
275.64300000000003
270.843
272.24300000000005
281.94300000000004
276.44300000000004
292.343
289.14300000000003
282.14300000000003
242.34300000000002
257.74300000000005
297.843
289.043
293.94300000000004
305.14300000000003
295.24300000000005
281.14300000000003
313.543
320.24300000000005
309.44300000000004
327.64300000000003
304.843
309.343
293.543
318.343
298.043
318.14300000000003
322.64300000000003
310.94300000000004
335.043
326.74300000000005
316.64300000000003
341.14300000000003
341.343
331.843
343.74300000000005
328.343
316.543
345.94300000000004
345.94300000000004
347.224
343.724
350.024
348.524
348.424
353.524
359.62399999999997
360.524
358.82399999999996
364.024
367.32399999999996
373.32399999999996
359.924
357.224
376.524
385.32399999999996
381.32399999999996
340.924
383.224
375.62399999999997
380.32399999999996
360.524
376.32399999999996
344.224
334.524
338.12399999999997
344.524
340.32399999999996
369.024
348.424
361.424
357.724
333.024
366.32399999999996
361.524
359.024
Time: 91.1086583852768