25.9
24.7
19.2
20.8
23.4
18.2
19.8
16.4
18.5
25.0
18.1
26.6
25.1
20.2
28.1
25.8
22.0
25.8
30.3
18.8
22.7
20.1
24.3
33.3
31.1
27.8
23.8
24.0
21.3
32.5
25.0
26.3
22.8
28.3
37.4
23.8
22.8
36.4
31.2
33.5
27.1
28.4
36.8
25.4
39.6
37.8
37.8
46.3
24.1
39.1
43.8
29.4
34.9
33.7
38.9
46.9
37.5
48.3
44.1
33.6
44.4
49.1
52.4
40.3
45.0
48.5
64.1
57.3
58.8
39.9
46.2
50.3
60.3
69.5
57.7
40.5
46.2
56.9
42.5
61.8
60.4
54.2
89.0
64.8
64.2
71.8
87.6
85.4
69.0
117.8
66.3
112.6
58.7
90.6
110.2
89.8
96.8
83.8
100.1
110.5
120.9
106.7
101.7
104.9
132.6
103.7
158.2
162.6
114.6
129.1
162.7
133.5
144.9
189.1
142.1
173.2
146.7
145.8
159.8
144.7
140.5
158.2
186.5
159.0
173.7
134.8
144.0
165.2
161.2
203.0
178.8
193.2
193.0
230.6
258.7
193.8
230.8
244.1
229.6
273.1
227.2
187.4
260.6
282.4
219.5
290.2
286.0
304.4
234.6
257.3
271.0
321.7
330.7
271.5
313.2
253.8
237.9
264.9
314.4
342.4
331.7
252.9
279.7
278.8
324.9
290.7
268.9
306.0
236.5
272.0
294.3
270.4
294.0
311.6
316.9
324.7
321.6
298.7
345.9
343.8
347.9
318.2
327.6
297.8
356.7
361.7
352.2
333.0
330.2
376.7
365.3
360.8
319.0
391.0
341.5
341.8
367.7
282.8
343.6
340.6
311.5
316.7
266.6
347.8
330.2
296.8
381.7
390.0
358.4
352.5
381.4
329.8
351.5
401.8
352.1
389.3
325.3
421.1
353.0
402.3
402.2
359.1
407.3
307.5
398.4
311.1
395.1
365.9
408.7
407.3
356.7
350.5
336.1
406.3
429.5
431.2
432.8
360.6
352.1
350.1
341.3
314.4
357.4
335.9
368.7
322.2
374.4
371.5
356.4
374.1
19.1
21.8
17.9
21.5
30.2
36.0
26.2
42.0
22.9
34.6
45.7
52.2
24.6
38.6
51.5
66.6
42.2
58.2
90.0
46.4
76.5
92.4
89.6
130.0
136.3
115.7
141.0
155.7
111.2
142.4
163.6
157.2
157.4
171.5
179.9
173.6
199.6
163.2
164.2
144.6
172.0
201.6
194.1
201.1
230.1
277.4
229.4
314.3
267.5
262.5
255.3
248.7
235.9
256.6
287.8
251.3
268.4
259.6
258.7
261.2
245.5
268.2
234.7
266.0
256.9
243.3
266.4
253.8
259.5
278.2
295.8
281.5
318.5
313.7
299.4
326.9
366.4
335.4
353.4
361.7
357.0
396.0
377.3
392.1
369.6
393.4
405.2
407.4
401.5
414.6
372.5
408.8
378.9
407.8
393.5
382.8
387.0
381.3
381.5
388.7
370.3
366.7
350.4
395.9
369.7
373.5
356.2
361.4
365.3
360.6
325.4
328.3
349.3
348.7
350.0
343.6
354.6
359.7
359.6
359.7
381.7
356.2
350.0
403.1
355.0
383.4
389.7
343.2
332.6
348.0
343.3
351.8
310.8
322.6
317.1
276.0
308.2
303.2
268.2
240.1
234.7
201.5
249.1
231.2
239.2
216.8
229.6
216.3
240.0
241.8
249.7
255.9
261.5
261.3
260.5
257.2
258.7
213.5
259.1
255.5
219.9
233.526
250.82600000000002
218.12600000000003
215.42600000000002
211.82600000000002
297.526
308.42600000000004
299.12600000000003
304.284
298.584
262.884
303.48400000000004
314.184
313.584
317.084
371.48400000000004
327.384
371.684
371.784
373.284
371.784
373.584
372.98400000000004
372.284
373.384
373.384
375.684
377.084
375.48400000000004
375.784
369.084
352.184
377.284
363.284
367.584
374.284
368.784
365.184
364.884
360.284
358.98400000000004
378.284
382.98400000000004
374.684
378.284
380.48400000000004
362.684
356.784
358.98400000000004
354.284
363.084
354.884
355.48400000000004
354.884
374.084
370.884
352.584
375.684
363.084
396.684
354.584
403.284
381.084
404.584
402.284
391.384
364.98400000000004
385.284
380.384
368.384
357.98400000000004
354.684
349.284
345.131
349.331
340.131
341.431
342.131
338.931
334.231
335.431
338.331
336.331
337.831
336.831
333.531
336.631
371.031
368.731
Time: 86.78402571678161