21.9
19.6
14.3
24.9
32.7
34.4
17.8
20.5
23.2
28.2
33.6
23.6
31.4
20.7
23.2
37.1
29.6
22.0
27.0
24.6
34.9
28.1
27.9
31.2
27.3
24.3
33.2
33.3
31.1
32.0
35.6
26.9
28.1
43.0
28.9
38.4
30.2
50.6
41.4
43.4
34.9
38.6
32.0
33.2
41.6
39.0
32.2
43.1
28.8
52.9
34.3
35.6
52.6
31.3
38.8
39.8
35.4
44.8
47.8
40.8
39.3
48.2
48.5
44.7
52.8
48.4
55.7
42.7
65.4
44.9
50.5
65.9
54.7
50.1
55.3
53.4
59.6
75.6
50.3
58.1
78.3
75.1
92.1
100.4
70.4
107.7
82.8
122.4
90.9
124.4
78.1
99.7
107.3
73.9
66.7
87.4
94.4
91.6
88.6
94.0
135.5
137.2
112.0
97.9
92.7
101.4
121.3
139.8
113.8
163.2
135.2
126.4
168.4
132.2
176.7
130.8
162.1
122.7
157.7
120.6
158.7
175.9
149.7
158.0
144.7
158.4
186.1
148.5
193.7
179.8
114.5
169.3
197.0
223.8
174.4
203.9
188.2
224.0
181.3
211.2
191.9
216.6
264.1
239.7
256.7
268.8
231.5
270.7
292.8
224.7
240.2
236.5
268.0
239.8
223.3
201.5
214.1
238.3
212.8
253.3
244.0
253.2
248.1
210.7
233.6
248.9
224.3
207.8
207.6
230.8
265.2
254.6
260.1
253.5
285.7
281.6
271.7
240.8
265.6
237.4
284.8
260.9
324.2
235.5
280.2
277.8
279.1
300.9
285.6
337.6
318.0
283.1
294.8
331.3
356.7
335.6
353.7
369.2
329.8
391.2
379.8
319.4
337.2
262.9
316.7
351.0
352.9
357.0
345.1
363.6
304.7
372.4
303.0
327.2
362.0
359.3
307.3
338.2
389.0
390.5
398.5
355.4
358.8
358.0
373.6
359.0
401.4
347.3
370.8
380.0
389.4
399.2
348.4
371.9
394.4
312.9
373.3
340.2
346.5
334.0
309.2
371.1
385.0
366.2
390.4
386.5
375.2
391.2
365.2
374.7
394.0
377.9
382.1
389.0
394.3
391.6
372.0
396.5
380.9
393.2
399.1
399.8
415.6
424.6
392.8
396.5
418.9
416.5
438.3
432.29200000000003
396.592
432.192
383.192
396.492
397.692
371.092
398.692
363.79200000000003
396.79200000000003
380.492
356.092
398.79200000000003
390.892
394.492
361.592
383.692
399.892
391.092
380.192
366.409
393.309
407.409
394.509
380.909
404.709
423.509
432.60900000000004
435.809
462.409
462.509
464.009
447.60900000000004
457.209
472.709
438.10900000000004
462.709
439.509
471.709
476.10900000000004
475.60900000000004
486.60900000000004
490.009
473.10900000000004
477.10900000000004
456.509
492.10900000000004
469.709
474.309
475.409
471.809
477.10900000000004
464.60900000000004
459.009
439.10900000000004
469.409
464.809
458.909
461.709
454.509
444.309
435.60900000000004
433.10900000000004
433.009
397.909
423.009
430.60900000000004
434.709
428.592
399.692
420.53499999999997
408.135
408.135
420.23499999999996
424.63499999999993
425.73499999999996
427.43499999999995
433.43499999999995
432.73499999999996
442.8349999999999
454.03499999999997
452.93499999999995
451.63499999999993
450.93499999999995
451.13499999999993
450.567
449.867
449.16700000000003
448.567
421.16700000000003
436.067
441.267
449.767
437.16700000000003
448.767
433.611
441.41099999999994
446.311
425.21099999999996
426.111
433.311
424.01099999999997
420.27799999999996
419.378
423.678
418.77799999999996
417.178
419.378
412.578
423.678
418.178
418.97799999999995
419.178
418.47799999999995
419.97799999999995
421.178
411.27799999999996
423.878
419.578
421.578
419.378
419.378
420.178
417.47799999999995
417.378
414.47799999999995
415.47799999999995
414.078
410.97799999999995
416.578
407.87800000000004
413.378
408.87800000000004
413.27799999999996
409.77799999999996
416.078
410.97799999999995
413.97799999999995
409.878
408.478
406.178
412.47799999999995
414.378
410.47799999999995
408.478
408.178
409.97799999999995
407.57800000000003
411.678
423.078
413.678
412.678
419.97799999999995
431.178
422.47799999999995
432.378
435.378
440.97799999999995
429.97799999999995
440.878
434.27799999999996
428.878
404.678
443.578
408.778
419.178
444.97799999999995
446.378
444.97799999999995
448.27799999999996
447.27799999999996
431.47799999999995
431.27799999999996
444.678
449.27799999999996
444.29499999999996
443.895
433.695
443.695
447.195
446.29499999999996
444.195
429.495
450.895
449.895
456.695
454.695
458.5950000000001
464.2950000000001
469.8950000000001
470.3950000000001
449.895
480.8950000000001
480.8950000000001
480.8950000000001
445.395
480.8950000000001
480.8950000000001
480.8950000000001
480.8950000000001
480.8950000000001
480.8950000000001
480.8950000000001
480.8950000000001
480.8950000000001
480.8950000000001
480.8950000000001
480.8950000000001
480.8950000000001
480.8950000000001
480.8950000000001
480.8950000000001
480.8950000000001
480.8950000000001
480.8950000000001
480.8950000000001
480.8950000000001
480.8950000000001
480.8950000000001
480.8950000000001
480.8950000000001
480.8950000000001
480.8950000000001
480.8950000000001
480.8950000000001
480.8950000000001
480.8950000000001
480.8950000000001
480.8950000000001
480.8950000000001
480.8950000000001
Time: 68.27350027561188