24.9
17.9
21.5
22.4
25.0
18.5
25.2
21.9
24.4
19.5
25.0
22.7
16.4
16.2
25.5
23.2
26.7
25.0
17.0
25.3
26.5
19.0
21.6
20.9
23.5
17.9
24.0
31.5
22.8
20.0
25.6
24.3
25.3
25.5
22.8
23.3
20.6
25.2
32.1
27.7
26.7
31.7
28.0
23.8
25.6
23.5
22.7
28.4
30.5
22.4
21.5
25.1
27.3
23.9
27.2
25.9
26.3
35.8
23.9
24.5
22.6
27.3
36.0
38.1
29.2
23.8
21.1
26.4
20.5
37.0
28.0
33.3
24.8
43.0
36.9
27.5
38.8
29.7
25.7
30.6
51.1
24.7
24.4
32.6
32.2
37.8
35.8
32.6
38.8
30.2
42.2
27.9
35.5
35.8
43.6
35.7
43.3
34.1
43.4
34.4
39.3
30.2
41.4
35.4
34.6
39.0
33.2
25.6
44.1
30.0
25.2
48.7
39.3
48.2
35.8
43.5
52.5
44.4
45.6
53.6
38.2
57.4
54.2
49.4
46.1
39.5
92.7
48.2
53.0
40.9
32.9
38.9
40.1
52.5
45.8
41.9
58.8
51.2
52.6
49.6
43.4
46.0
44.9
78.7
76.7
65.2
82.5
60.8
71.3
71.0
58.2
36.4
46.7
50.4
44.1
74.4
64.3
58.1
42.4
61.4
62.6
74.3
60.5
101.7
56.8
67.2
115.7
65.8
76.5
50.4
81.1
64.8
58.0
69.9
79.6
106.4
83.6
85.7
123.2
67.7
106.6
75.6
88.4
139.1
145.7
145.3
116.6
107.0
111.2
110.8
87.4
117.2
89.6
105.7
71.9
93.2
128.3
80.5
126.7
108.5
50.7
73.3
88.5
84.2
79.0
59.6
85.2
109.1
80.5
116.4
90.6
105.3
131.3
100.2
94.2
94.2
137.5
110.7
157.5
104.8
150.8
148.0
111.4
161.6
155.3
172.4
139.4
193.0
148.6
91.6
101.4
102.8
185.4
162.9
138.2
139.4
132.7
141.9
162.5
145.0
136.0
163.7
174.6
166.2
172.9
197.1
159.6
243.0
214.3
207.3
75.9
91.6
80.3
77.4
119.3
113.7
101.6
112.2
116.9
103.4
131.8
170.5
108.8
138.9
137.4
122.4
132.4
129.6
177.7
147.6
147.4
169.1
141.9
128.2
136.3
181.8
193.4
164.8
150.6
179.5
168.0
156.8
172.9
164.5
170.5
146.2
267.3
205.5
168.4
197.2
245.0
260.5
154.8
258.2
216.6
252.1
269.0
199.1
203.0
247.5
203.6
196.6
246.3
175.1
201.3
201.5
199.1
198.2
180.8
175.6
206.5
196.0
189.8
181.0
205.2
171.3
199.0
189.4
228.4
207.6
281.3
233.2
270.6
293.0
233.9
254.9
255.1
247.6
228.3
263.2
262.0
246.1
205.8
236.8
163.0
294.6
243.9
224.8
279.1
250.2
315.6
297.7
288.8
333.6
344.0
294.3
322.2
369.4
407.2
325.8
202.1
258.0
195.2
217.1
185.0
223.9
206.4
225.2
185.9
270.3
229.9
254.7
241.9
247.9
265.3
273.3
248.9
315.3
227.0
271.9
275.3
283.1
342.8
293.2
358.8
361.7
347.3
370.0
400.4
395.1
406.0
367.6
353.2
351.7
347.4
333.8
381.7
331.6
384.6
338.7
360.8
400.3
397.3
336.0
367.2
384.9
357.8
394.2
401.9
385.6
260.0
256.7
290.2
233.4
255.6
250.0
219.9
231.6
267.2
271.1
230.3
259.7
257.4
278.4
287.9
291.8
288.7
316.9
333.2
303.3
314.9
304.8
334.7
311.0
315.7
365.6
295.9
338.1
328.3
342.7
355.5
363.8
324.1
366.4
274.2
366.8
344.5
395.3
369.6
373.4
406.1
327.0
381.4
359.5
345.5
351.2
373.5
380.6
403.7
356.4
272.9
292.8
240.2
269.2
257.1
257.0
246.3
243.2
250.4
250.8
215.5
224.2
212.9
235.6
259.1
238.5
244.3
245.9
253.5
260.2
266.4
241.6
250.5
289.6
287.3
283.2
277.0
291.2
318.6
271.6
307.3
296.3
296.8
303.7
274.0
282.0
284.2
304.2
317.3
345.2
327.4
318.6
339.1
332.5
331.2
375.5
387.9
408.4
325.3
317.0
Time: 62.47053191661835