16.5
17.6
24.3
26.5
20.4
25.8
26.9
18.2
28.6
19.9
22.6
30.2
19.7
20.0
31.2
24.5
22.8
25.1
24.2
32.8
38.4
20.6
27.8
30.1
18.6
29.7
19.8
25.9
32.3
25.5
27.2
30.4
22.0
25.4
26.5
25.4
30.5
34.2
26.4
26.6
29.2
49.0
26.6
36.3
24.4
34.6
47.9
32.0
30.6
35.5
31.4
31.9
21.8
28.5
27.7
28.5
29.0
35.8
28.3
35.5
27.4
28.3
29.8
41.2
24.2
44.4
45.3
32.8
49.0
41.5
40.9
50.2
37.0
51.1
33.4
38.1
36.8
23.4
37.2
35.4
41.1
47.9
34.9
36.9
39.0
35.7
41.8
36.9
41.0
34.6
36.3
42.6
39.7
33.9
54.1
36.6
36.8
38.3
44.9
59.2
35.9
34.6
35.0
45.4
47.0
45.5
36.4
38.4
43.2
36.9
59.6
36.8
44.9
39.7
32.2
41.3
42.4
63.0
49.3
40.3
70.2
40.1
62.7
43.5
36.5
46.6
69.4
50.7
44.6
57.4
38.6
42.9
34.5
66.2
59.0
58.8
48.5
62.1
46.3
32.9
56.4
65.7
61.3
65.0
60.3
61.9
39.5
68.7
37.3
71.2
64.2
65.6
49.2
86.0
67.0
74.5
85.3
60.8
46.9
48.7
77.4
54.2
89.3
69.4
76.1
69.1
75.4
90.9
91.5
77.7
82.2
98.5
89.7
100.5
82.6
83.9
72.7
70.9
82.8
91.7
99.5
73.8
67.1
92.5
86.9
105.2
78.9
87.3
94.8
88.8
70.0
122.0
89.6
81.2
103.6
81.2
76.7
66.2
115.8
109.8
119.7
137.6
88.3
107.7
81.3
114.8
93.5
122.8
110.9
120.3
98.3
116.2
94.5
120.7
133.4
105.6
111.0
134.5
103.7
136.0
137.5
109.3
117.0
142.2
133.1
136.6
160.8
135.4
112.4
123.6
120.7
101.3
130.6
169.4
174.1
172.5
107.9
131.7
128.8
132.0
226.6
174.5
168.7
177.4
150.0
107.8
97.8
122.7
192.7
214.9
168.2
193.4
109.0
109.2
171.3
161.3
152.7
189.8
193.5
189.9
150.3
162.1
214.0
156.1
205.3
212.1
228.4
157.0
220.5
147.3
245.0
216.5
194.7
174.6
172.4
223.8
181.1
202.0
207.2
243.5
255.8
273.4
213.8
221.7
213.1
202.9
236.1
193.3
163.9
189.9
195.9
217.3
174.7
231.2
188.8
168.9
260.0
178.5
233.2
165.9
263.2
236.7
179.6
261.9
264.0
150.9
182.4
190.2
206.2
217.6
189.1
187.9
149.0
235.1
272.4
174.0
189.9
230.5
175.8
243.3
331.9
283.9
185.1
261.4
248.2
179.3
273.0
223.2
224.0
241.2
186.6
294.2
218.0
256.6
271.7
244.0
249.8
289.3
253.0
323.0
292.8
246.0
244.5
312.2
236.4
257.1
316.0
285.6
269.7
264.5
262.5
258.1
252.0
263.4
200.6
305.9
357.0
261.8
274.2
188.8
305.7
257.2
346.1
303.5
242.2
271.6
283.6
280.4
266.7
309.2
275.3
262.8
289.5
342.1
341.0
295.2
283.6
315.3
277.9
311.3
292.8
239.3
295.7
316.0
342.7
274.3
345.4
360.5
326.1
298.8
269.6
343.5
339.3
285.6
307.4
323.1
334.1
321.8
358.1
325.1
264.4
321.7
353.2
358.0
335.1
369.5
332.4
335.8
370.9
362.0
280.5
338.3
253.4
336.1
280.7
393.3
327.1
288.6
327.8
404.9
314.7
283.9
305.9
289.0
348.7
342.7
298.1
332.8
333.3
402.5
371.1
294.1
329.2
341.6
408.2
380.8
333.3
348.1
368.1
332.3
307.4
383.3
399.8
280.9
304.7
364.6
384.0
427.7
351.6
264.7
427.0
355.8
341.2
394.6
408.3
359.1
355.8
389.8
408.2
367.0
369.5
356.6
420.3
367.7
417.9
369.7
334.7
393.2
407.4
397.5
419.2
388.1
430.5
380.9
405.8
391.7
353.5
383.4
396.4
455.5
338.6
390.3
411.7
406.8
355.8
342.9
377.0
428.3
337.6
330.7
421.7
401.7
360.6
436.7
399.7
425.8
365.5
379.7
451.6
302.8
Time: 58.56051936149597