21.0
21.0
26.4
19.8
24.9
24.7
23.7
24.9
13.9
16.2
16.5
20.0
21.6
27.1
25.3
21.4
27.2
27.9
17.5
19.0
18.9
17.9
22.1
32.4
20.7
30.5
25.3
27.7
34.4
34.5
20.3
26.5
33.1
26.9
28.8
28.6
29.8
28.1
31.7
29.7
38.2
22.8
27.8
26.9
54.3
32.1
42.5
36.4
31.4
32.1
39.0
27.6
50.5
48.0
34.3
25.5
41.7
41.1
37.9
34.9
57.4
42.1
47.0
32.7
43.8
41.7
43.8
46.8
49.9
47.9
53.2
41.3
45.8
49.5
47.0
50.9
60.6
64.1
65.6
52.2
47.0
102.8
43.8
98.0
74.0
68.7
60.6
61.3
82.1
64.8
94.2
87.8
65.1
69.8
101.9
116.0
72.0
132.1
101.1
104.3
128.3
116.8
87.6
102.1
94.2
122.8
133.8
112.4
117.7
150.2
157.1
122.2
136.4
212.3
152.0
134.2
171.5
179.3
165.8
204.4
134.9
188.0
178.4
163.9
240.5
248.8
196.9
168.8
222.6
218.4
241.7
233.3
249.5
277.8
208.6
279.6
220.5
271.7
283.9
224.3
256.5
224.8
243.3
233.9
217.0
198.4
242.2
199.0
248.4
219.5
255.6
246.6
256.4
258.2
259.9
291.8
281.7
203.8
241.1
233.1
221.3
218.5
234.0
238.6
226.0
233.7
215.4
255.3
295.5
268.5
272.9
200.4
297.8
311.3
321.1
268.8
291.5
260.3
309.1
297.0
282.2
308.6
302.5
340.3
271.2
309.0
284.1
298.2
279.8
308.7
348.7
313.7
364.2
289.8
288.9
291.2
315.5
347.4
343.1
349.9
306.2
305.6
335.9
358.4
337.9
368.6
350.2
351.4
387.8
371.6
376.4
356.5
357.2
356.5
370.5
394.5
395.4
393.5
352.8
385.8
339.5
353.3
350.4
329.8
334.3
334.2
344.2
310.7
367.3
321.2
306.1
301.9
360.9
361.5
318.1
342.3
361.2
336.2
340.7
354.0
360.0
336.8
374.9
390.6
368.1
338.5
339.6
347.7
374.5
372.5
337.3
365.5
331.1
337.3
325.8
320.0
306.7
287.8
271.8
309.9
268.13
243.23000000000002
244.33
196.13
224.13000000000002
205.43
210.43
237.13000000000002
252.13000000000002
166.03
191.63
180.03
181.32999999999998
186.03
187.32999999999998
227.63000000000002
217.53000000000003
228.63000000000002
239.23000000000002
286.13
257.63
272.43
306.43
352.03000000000003
330.23
388.33000000000004
362.33000000000004
362.67600000000004
341.476
356.276
352.076
369.37600000000003
358.976
352.37600000000003
348.37600000000003
334.37600000000003
346.37600000000003
326.17600000000004
368.476
373.17600000000004
355.37600000000003
370.576
332.276
360.67600000000004
307.87600000000003
357.576
337.67600000000004
372.476
362.976
369.776
340.37600000000003
345.17600000000004
367.476
358.076
358.67600000000004
366.37600000000003
385.87600000000003
365.576
397.776
400.576
391.976
426.576
419.576
425.076
412.17600000000004
420.276
414.776
417.87600000000003
412.576
411.17600000000004
432.17600000000004
425.076
416.976
403.276
421.076
396.276
397.476
392.87600000000003
383.776
356.17600000000004
394.576
394.17600000000004
385.37600000000003
400.076
365.076
401.976
380.776
411.67600000000004
413.276
424.276
422.87600000000003
419.576
417.87600000000003
421.076
421.476
419.37600000000003
419.17600000000004
421.37600000000003
419.37600000000003
424.576
418.576
428.076
422.17600000000004
432.976
425.17600000000004
431.076
441.17600000000004
456.276
452.776
436.776
435.776
433.776
443.67600000000004
414.976
445.17600000000004
435.476
418.367
416.867
441.25300000000004
430.9440000000001
431.4440000000001
435.64400000000006
438.9440000000001
429.04400000000004
419.9440000000001
417.9440000000001
418.54400000000004
422.34400000000005
415.84400000000005
420.34400000000005
424.244
417.34400000000005
428.84400000000005
433.04400000000004
434.54400000000004
439.84400000000005
424.64400000000006
430.744
434.744
438.84400000000005
433.64400000000006
432.84400000000005
449.4440000000001
455.9440000000001
475.34400000000005
446.14400000000006
460.14400000000006
457.244
462.9440000000001
453.64400000000006
452.244
446.9440000000001
414.322
435.622
418.922
427.822
402.122
415.52200000000005
416.02200000000005
418.822
436.422
419.72200000000004
418.72200000000004
411.02200000000005
416.122
401.422
403.72200000000004
430.422
427.422
414.422
412.922
412.822
416.52200000000005
412.922
409.022
408.92199999999997
406.62199999999996
406.12199999999996
406.92199999999997
406.62199999999996
405.822
405.022
405.12199999999996
405.12199999999996
405.822
403.522
404.013
402.013
400.61299999999994
400.11299999999994
398.61299999999994
403.013
403.71299999999997
401.013
404.71299999999997
423.2129999999999
436.61299999999994
402.813
401.91299999999995
403.61299999999994
403.61299999999994
409.61299999999994
403.013
414.38499999999993
416.5849999999999
400.98499999999996
406.68499999999995
403.88499999999993
398.78499999999997
401.0849999999999
403.48499999999996
401.0849999999999
402.0849999999999
400.98499999999996
399.98499999999996
400.5849999999999
407.5849999999999
407.68499999999995
417.88499999999993
433.28499999999997
433.98499999999996
433.88499999999993
434.38499999999993
433.18499999999995
433.88499999999993
434.38499999999993
436.38499999999993
434.28499999999997
435.18499999999995
434.48499999999996
435.38499999999993
434.48499999999996
435.48499999999996
436.48499999999996
438.0849999999999
437.38499999999993
435.28499999999997
437.18499999999995
436.78499999999997
420.28499999999997
Time: 75.66827940940857