25.7
23.9
18.6
15.3
20.9
22.1
28.9
16.8
24.4
26.4
26.9
26.5
17.2
20.9
21.5
18.9
25.7
22.7
23.3
27.9
22.6
24.3
20.9
21.6
33.7
29.7
27.9
24.3
35.1
30.1
36.4
31.8
29.8
25.0
26.5
31.4
32.8
28.2
27.4
24.4
28.7
33.6
33.0
30.8
45.8
27.6
31.3
31.1
50.4
41.2
43.1
34.4
42.8
46.1
48.1
39.6
38.6
28.8
34.0
45.9
57.2
41.7
48.9
56.5
47.9
40.6
76.6
50.1
56.8
44.5
51.3
53.4
48.7
54.3
67.3
62.3
56.6
69.6
79.8
81.1
77.8
77.5
92.4
55.6
44.2
77.2
64.8
62.0
70.3
66.1
86.9
66.5
86.1
71.6
80.2
83.4
79.4
87.0
84.7
108.8
85.0
117.2
129.1
123.7
112.4
110.0
147.1
85.0
121.0
112.0
109.6
108.9
135.6
110.6
91.8
106.0
137.0
122.7
139.9
122.2
110.2
94.5
102.4
104.9
97.8
124.1
143.3
137.9
139.2
144.0
146.8
172.4
150.2
137.3
148.0
159.3
167.4
183.7
143.5
174.1
154.8
197.6
158.2
165.5
170.6
163.4
163.5
169.6
178.3
179.9
159.7
174.8
154.3
199.5
217.0
171.4
195.1
191.7
187.3
214.4
177.6
174.9
175.0
177.3
200.4
200.7
221.2
204.0
200.8
213.2
240.3
239.0
204.6
207.9
225.7
201.4
201.0
189.5
240.2
230.2
241.8
265.6
207.9
275.0
282.4
203.1
187.9
294.4
264.0
279.1
284.9
240.2
306.9
313.2
318.8
311.9
308.2
257.7
321.8
343.8
306.5
348.8
349.2
357.5
348.7
351.6
327.5
299.7
327.9
323.0
273.2
318.2
272.9
298.5
296.3
317.5
319.0
316.8
319.8
301.9
320.9
280.6
322.4
276.9
306.7
307.4
326.5
262.5
304.2
328.0
308.5
282.4
329.1
329.4
314.7
327.4
337.4
335.6
260.7
345.6
369.2
365.6
381.1
333.7
382.4
365.9
353.6
352.4
359.3
367.7
296.9
297.1
339.9
344.4
326.5
336.0
323.3
330.3
344.3
294.4
302.9
246.3
254.3
290.3
277.0
272.9
225.8
252.7
219.2
266.8
261.2
249.1
254.4
238.9
259.0
227.4
241.10399999999998
256.904
266.804
249.504
281.404
302.304
298.004
284.804
288.004
319.004
320.704
323.304
345.004
346.004
325.504
342.904
367.904
348.604
328.204
360.804
361.504
356.304
352.204
356.204
360.904
351.204
365.404
362.504
335.804
333.904
328.304
335.904
294.504
341.604
342.904
341.104
343.504
349.404
347.304
348.504
352.404
359.404
359.104
360.004
369.604
355.604
353.604
358.604
311.404
367.104
348.204
297.504
288.404
303.004
352.004
344.104
298.606
359.806
348.606
357.906
351.906
340.906
346.506
297.106
354.406
354.806
357.506
316.006
355.706
352.606
374.806
345.106
336.006
350.506
336.906
345.406
337.406
328.406
334.406
330.806
338.506
334.406
333.006
350.606
336.006
328.506
340.506
337.006
337.406
336.306
328.006
341.306
338.506
332.906
341.806
328.506
345.006
341.006
343.106
344.406
332.733
339.233
345.233
344.83299999999997
348.433
340.433
344.433
338.533
347.433
344.233
348.233
347.33299999999997
346.133
357.83299999999997
320.633
355.033
323.633
346.533
319.733
322.933
327.133
326.633
328.933
335.133
341.133
336.533
361.533
356.633
349.933
357.533
357.533
358.033
357.33299999999997
360.633
366.233
361.033
356.533
366.33299999999997
375.33299999999997
379.233
385.33299999999997
370.733
369.233
378.83299999999997
389.83299999999997
400.733
388.33299999999997
397.33299999999997
383.633
382.709
388.60900000000004
346.009
384.10900000000004
345.309
384.309
349.409
377.309
403.509
381.024
384.724
387.724
336.024
385.024
385.32399999999996
386.32399999999996
382.724
382.024
380.224
383.524
367.424
381.024
380.024
381.524
382.724
384.024
383.724
372.82399999999996
373.024
386.224
387.32399999999996
386.32399999999996
390.224
384.32399999999996
394.62399999999997
398.12399999999997
408.424
409.024
415.12399999999997
434.424
442.924
437.724
436.424
439.424
440.924
436.12399999999997
433.82399999999996
429.12399999999997
379.32399999999996
423.724
425.32399999999996
400.32399999999996
423.924
418.82399999999996
419.82399999999996
428.62399999999997
383.32399999999996
420.424
426.12399999999997
432.82399999999996
430.12399999999997
379.224
421.924
420.724
426.224
425.024
424.62399999999997
422.524
423.524
415.32399999999996
423.924
424.224
422.024
422.224
421.82399999999996
Time: 84.43735389709472