25.8
25.3
24.3
21.3
23.0
22.9
18.9
20.2
31.2
25.5
24.6
28.5
21.2
30.4
36.8
22.8
31.7
23.7
34.7
23.9
17.3
33.1
20.7
20.0
25.2
38.2
29.3
29.9
23.1
30.2
21.5
27.1
34.8
27.5
38.3
32.8
29.9
42.3
30.4
30.9
39.5
40.2
28.4
45.0
27.7
34.6
52.2
40.1
36.3
39.5
34.0
50.1
47.6
39.8
34.8
41.0
57.5
54.4
44.7
37.4
44.7
61.2
42.8
40.6
55.0
58.6
65.3
60.3
40.7
48.4
43.8
61.2
48.5
55.1
84.0
63.3
59.4
72.9
49.3
51.4
57.3
40.7
65.4
57.8
55.6
49.1
60.6
71.7
78.3
80.8
60.6
76.0
70.7
74.8
91.6
100.9
95.7
76.0
89.2
77.3
94.6
84.7
98.5
83.1
94.1
120.4
96.8
160.8
115.3
147.3
230.7
92.1
122.1
110.4
158.4
111.8
124.4
101.2
112.3
107.7
106.2
123.0
154.0
187.1
155.0
184.8
145.4
149.9
161.0
188.8
191.7
188.5
175.8
210.5
223.2
258.6
210.3
216.9
187.9
220.5
148.1
197.5
154.4
170.2
187.1
187.7
237.5
183.2
231.5
213.6
161.7
208.5
280.0
229.7
276.3
252.4
283.5
297.8
280.0
247.1
276.7
255.0
242.7
231.8
252.1
262.0
335.1
288.5
318.8
288.8
366.4
309.0
339.5
332.3
315.6
356.7
283.3
337.9
366.6
332.7
329.8
330.4
326.0
345.0
360.8
365.3
401.7
371.0
393.1
343.6
303.5
375.6
379.4
395.6
311.9
362.3
379.6
381.0
318.9
381.7
364.6
384.5
355.3
324.5
402.5
371.6
311.2
366.3
350.9
322.1
369.5
411.0
426.0
418.5
425.3
379.3
425.4
380.7
426.7
419.3
337.7
398.8
408.6
428.3
387.1
432.1
397.2
397.3
392.1
379.9
392.7
366.8
343.1
387.4
381.7
383.8
390.1
396.0
417.3
355.4
356.6
374.3
368.2
376.9
370.5
423.5
399.5
379.1
424.9
410.5
427.9
392.775
374.375
361.975
390.875
362.175
343.675
389.175
386.575
359.775
348.775
339.575
364.075
343.675
310.475
349.675
372.375
345.675
371.875
370.375
387.775
398.675
355.175
420.875
423.075
426.375
424.275
424.675
413.875
425.175
427.475
418.175
435.975
430.675
451.975
434.875
428.875
443.675
437.575
439.575
437.86199999999997
406.462
434.062
454.262
450.962
429.86199999999997
435.662
417.162
430.86199999999997
420.062
396.462
376.36199999999997
390.562
424.762
404.86199999999997
376.36199999999997
432.662
420.262
402.446
415.746
426.412
413.11199999999997
392.61199999999997
412.412
418.61199999999997
425.912
432.812
409.712
402.012
423.912
410.812
435.812
407.11199999999997
414.212
417.912
398.412
417.012
395.912
414.812
406.512
410.712
398.712
405.312
400.712
407.11199999999997
390.712
408.712
414.312
435.61199999999997
422.212
421.412
431.812
426.842
409.44199999999995
418.742
418.942
423.642
425.642
429.442
435.342
450.642
448.242
449.142
446.342
413.142
449.442
440.742
405.542
395.042
396.94199999999995
392.042
379.44199999999995
401.24199999999996
385.94199999999995
417.142
417.942
403.042
397.542
417.142
423.642
423.742
426.342
434.04200000000003
431.942
447.642
447.642
446.442
417.491
444.89099999999996
446.591
444.39099999999996
446.60900000000004
445.60900000000004
443.509
447.60900000000004
446.60900000000004
448.509
410.909
452.009
425.809
468.709
483.60900000000004
483.60900000000004
483.60900000000004
483.60900000000004
483.60900000000004
483.60900000000004
483.60900000000004
483.60900000000004
483.60900000000004
483.60900000000004
483.60900000000004
483.60900000000004
483.60900000000004
447.309
483.60900000000004
438.409
445.10900000000004
458.509
446.509
444.509
444.909
436.909
404.909
436.10900000000004
437.10900000000004
435.409
435.709
438.309
435.409
403.609
409.109
435.10900000000004
441.909
439.009
437.809
447.209
404.50899999999996
437.709
426.509
444.309
445.209
416.309
440.909
442.409
440.409
438.309
439.209
419.309
438.60900000000004
439.10900000000004
440.709
437.884
438.98400000000004
436.784
438.284
436.48400000000004
436.684
438.98400000000004
436.684
439.584
434.48400000000004
420.184
434.884
428.684
436.98400000000004
435.884
434.684
436.684
434.48400000000004
437.184
437.884
437.284
438.684
437.784
437.98400000000004
438.48400000000004
436.284
418.684
392.08399999999995
413.384
394.88399999999996
399.68399999999997
395.484
393.484
391.08399999999995
411.98400000000004
395.984
388.68399999999997
394.68399999999997
398.68399999999997
398.38399999999996
398.18399999999997
394.984
399.58399999999995
408.58399999999995
399.88399999999996
400.18399999999997
406.68399999999997
403.68399999999997
401.984
403.18399999999997
400.08399999999995
402.484
405.984
400.88399999999996
401.88399999999996
403.08399999999995
400.08399999999995
395.784
Time: 70.16270744800568